BANKNIFTY_F1,20180115,09:16,25774.8,25884.3,25762.4,25882,95000
BANKNIFTY_F1,20180115,09:17,25887.7,25887.7,25850.9,25854.2,61320
BANKNIFTY_F1,20180115,09:18,25853.2,25853.2,25846.8,25846.8,40320
BANKNIFTY_F1,20180115,09:19,25848,25848,25835,25835,37560
BANKNIFTY_F1,20180115,09:20,25840,25844.4,25833.8,25844.4,24440
BANKNIFTY_F1,20180115,09:21,25846.7,25856.7,25845.1,25851.5,30120
BANKNIFTY_F1,20180115,09:22,25851.6,25861,25851.6,25861,34480
BANKNIFTY_F1,20180115,09:23,25859,25861.2,25856.9,25858.6,11760
BANKNIFTY_F1,20180115,09:24,25855.1,25855.1,25845,25847.3,32560
BANKNIFTY_F1,20180115,09:25,25847.3,25851.5,25842,25843.1,20360
BANKNIFTY_F1,20180115,09:26,25844,25848.5,25844,25848.5,11040
BANKNIFTY_F1,20180115,09:27,25847.2,25852.5,25846.5,25848.3,14760
BANKNIFTY_F1,20180115,09:28,25851.2,25853.3,25850.3,25852.4,16560
BANKNIFTY_F1,20180115,09:29,25854,25854.8,25852,25854.8,9800
BANKNIFTY_F1,20180115,09:30,25852.6,25857,25852.6,25857,16800
BANKNIFTY_F1,20180115,09:31,25858,25863.6,25857.8,25863.6,32320
BANKNIFTY_F1,20180115,09:32,25862.9,25865,25860,25862.7,13440
BANKNIFTY_F1,20180115,09:33,25865.3,25870,25865.3,25867.9,18440
BANKNIFTY_F1,20180115,09:34,25873.9,25874.4,25872.2,25873.9,21600
BANKNIFTY_F1,20180115,09:35,25875.7,25875.9,25873,25875,20400
BANKNIFTY_F1,20180115,09:36,25873.3,25877,25872.3,25873.9,16800
BANKNIFTY_F1,20180115,09:37,25872,25872,25866.3,25869,8560
BANKNIFTY_F1,20180115,09:38,25867.6,25870.1,25865.2,25867.9,7960
BANKNIFTY_F1,20180115,09:39,25869.8,25872,25869.2,25872,13240
BANKNIFTY_F1,20180115,09:40,25872.5,25875,25871.2,25875,10920
BANKNIFTY_F1,20180115,09:41,25873.1,25873.1,25865.9,25871,5920
BANKNIFTY_F1,20180115,09:42,25872.3,25872.3,25866.2,25870.3,7480
BANKNIFTY_F1,20180115,09:43,25869.2,25874.9,25869.2,25872.8,8000
BANKNIFTY_F1,20180115,09:44,25873.8,25881.7,25871.9,25881.7,16840
BANKNIFTY_F1,20180115,09:45,25885,25894,25882.2,25890,34680
BANKNIFTY_F1,20180115,09:46,25891.1,25900,25891.1,25896,42080
BANKNIFTY_F1,20180115,09:47,25893,25899,25893,25898.3,22760
BANKNIFTY_F1,20180115,09:48,25897.3,25898.7,25889,25891.1,12920
BANKNIFTY_F1,20180115,09:49,25891.7,25892.4,25888.7,25888.7,10480
BANKNIFTY_F1,20180115,09:50,25885,25892.8,25885,25892.8,8480
BANKNIFTY_F1,20180115,09:51,25892.8,25895,25891.1,25893.5,9120
BANKNIFTY_F1,20180115,09:52,25890.3,25893.8,25885.7,25893,7960
BANKNIFTY_F1,20180115,09:53,25894,25894,25890,25892,5880
BANKNIFTY_F1,20180115,09:54,25888.5,25893,25888.5,25889.9,6160
BANKNIFTY_F1,20180115,09:55,25887.3,25893.7,25887.3,25890,10520
BANKNIFTY_F1,20180115,09:56,25888,25889,25883,25885,5360
BANKNIFTY_F1,20180115,09:57,25884.7,25885.8,25877.3,25882,7800
BANKNIFTY_F1,20180115,09:58,25879.9,25887.1,25879.9,25886,5800
BANKNIFTY_F1,20180115,09:59,25887.7,25891.1,25884.1,25884.1,11000
BANKNIFTY_F1,20180115,10:00,25886,25891.8,25885.2,25891.4,3600
BANKNIFTY_F1,20180115,10:01,25892.2,25897.9,25891.8,25897.9,14200
BANKNIFTY_F1,20180115,10:02,25898,25910,25897.1,25902.1,36080
BANKNIFTY_F1,20180115,10:03,25905,25914.9,25905,25913,14640
BANKNIFTY_F1,20180115,10:04,25910,25920,25910,25912.7,19080
BANKNIFTY_F1,20180115,10:05,25913.1,25919.9,25910.1,25919.9,9720
BANKNIFTY_F1,20180115,10:06,25920,25930,25918.6,25923,19520
BANKNIFTY_F1,20180115,10:07,25922.5,25926.9,25915,25921.9,10360
BANKNIFTY_F1,20180115,10:08,25921,25923.9,25914.8,25918,10400
BANKNIFTY_F1,20180115,10:09,25916,25918.9,25910.3,25910.6,6960
BANKNIFTY_F1,20180115,10:10,25911,25916.1,25910.6,25911.1,4280
BANKNIFTY_F1,20180115,10:11,25914.8,25922.2,25914.4,25919.3,9480
BANKNIFTY_F1,20180115,10:12,25920,25920,25912.1,25913.2,5160
BANKNIFTY_F1,20180115,10:13,25915,25919.5,25914.8,25915.2,4360
BANKNIFTY_F1,20180115,10:14,25913.4,25919.9,25910.1,25915,4440
BANKNIFTY_F1,20180115,10:15,25912.2,25916.1,25910.1,25910.5,5120
BANKNIFTY_F1,20180115,10:16,25910.6,25918.8,25910.6,25916.4,10640
BANKNIFTY_F1,20180115,10:17,25919.2,25919.4,25908.8,25909,13320
BANKNIFTY_F1,20180115,10:18,25909,25919.9,25908,25919.9,6960
BANKNIFTY_F1,20180115,10:19,25919.9,25939,25919.9,25935.1,27400
BANKNIFTY_F1,20180115,10:20,25935,25949.9,25935,25942.2,45040
BANKNIFTY_F1,20180115,10:21,25949.7,25964,25945,25960,53040
BANKNIFTY_F1,20180115,10:22,25960,25960,25950,25952.4,14720
BANKNIFTY_F1,20180115,10:23,25954,25960.3,25950.3,25958,15640
BANKNIFTY_F1,20180115,10:24,25960.2,25966.2,25955,25961,21960
BANKNIFTY_F1,20180115,10:25,25957.3,25962.9,25945,25945,17520
BANKNIFTY_F1,20180115,10:26,25943.9,25944.1,25935.8,25938.2,22160
BANKNIFTY_F1,20180115,10:27,25940,25940,25928.7,25933.5,17520
BANKNIFTY_F1,20180115,10:28,25933.6,25940,25933.6,25936,5280
BANKNIFTY_F1,20180115,10:29,25936,25940.3,25935.8,25940.3,7520
BANKNIFTY_F1,20180115,10:30,25940.3,25948,25940.3,25943.3,5080
BANKNIFTY_F1,20180115,10:31,25945,25945,25938.7,25940,6120
BANKNIFTY_F1,20180115,10:32,25939.1,25946.6,25937.5,25940.4,5040
BANKNIFTY_F1,20180115,10:33,25937.4,25939.9,25927.8,25930.3,11760
BANKNIFTY_F1,20180115,10:34,25930.3,25939.6,25929.1,25933,10520
BANKNIFTY_F1,20180115,10:35,25936.1,25941.9,25933.1,25941.9,3000
BANKNIFTY_F1,20180115,10:36,25943.2,25943.9,25940,25942.4,4000
BANKNIFTY_F1,20180115,10:37,25944,25948.5,25941.9,25945,5760
BANKNIFTY_F1,20180115,10:38,25944,25949,25943.4,25946.3,5120
BANKNIFTY_F1,20180115,10:39,25948.3,25950,25944.7,25944.7,6640
BANKNIFTY_F1,20180115,10:40,25944.8,25949.9,25944,25944.3,3200
BANKNIFTY_F1,20180115,10:41,25944,25947,25943.1,25943.6,3480
BANKNIFTY_F1,20180115,10:42,25943.6,25950,25943.6,25949.9,6120
BANKNIFTY_F1,20180115,10:43,25949.9,25955.4,25948.3,25951.7,7680
BANKNIFTY_F1,20180115,10:44,25948.5,25955.5,25948.5,25952.6,3960
BANKNIFTY_F1,20180115,10:45,25951.8,25955,25948.9,25950.8,6960
BANKNIFTY_F1,20180115,10:46,25954.9,25961.1,25953.3,25960.8,25440
BANKNIFTY_F1,20180115,10:47,25960,25962,25950.3,25951.1,8120
BANKNIFTY_F1,20180115,10:48,25952.7,25953.9,25950,25950.3,3120
BANKNIFTY_F1,20180115,10:49,25952.3,25955,25950,25951.7,3400
BANKNIFTY_F1,20180115,10:50,25951.9,25959.3,25950.1,25955.1,4080
BANKNIFTY_F1,20180115,10:51,25955,25955.1,25945.4,25949.1,2120
BANKNIFTY_F1,20180115,10:52,25946.1,25953.7,25946.1,25950.9,2600
BANKNIFTY_F1,20180115,10:53,25948,25950.5,25940,25940.1,2960
BANKNIFTY_F1,20180115,10:54,25944,25946.3,25939.1,25946.3,3240
BANKNIFTY_F1,20180115,10:55,25946.3,25948.9,25944.1,25945,1480
BANKNIFTY_F1,20180115,10:56,25945,25949.1,25942.2,25947.1,2920
BANKNIFTY_F1,20180115,10:57,25950,25950.7,25944.2,25948.3,2560
BANKNIFTY_F1,20180115,10:58,25948.3,25950,25945,25945.8,3720
BANKNIFTY_F1,20180115,10:59,25945,25950,25945,25950,5000
BANKNIFTY_F1,20180115,11:00,25949.7,25954.5,25947.9,25953.3,4080
BANKNIFTY_F1,20180115,11:01,25953.3,25953.6,25947,25952,6040
BANKNIFTY_F1,20180115,11:02,25951,25963.3,25951,25962,11920
BANKNIFTY_F1,20180115,11:03,25962,25962.8,25957.9,25959.8,7280
BANKNIFTY_F1,20180115,11:04,25959.7,25960.3,25955.8,25958.1,9840
BANKNIFTY_F1,20180115,11:05,25960,25968.3,25960,25963,17800
BANKNIFTY_F1,20180115,11:06,25962.1,25962.8,25952.5,25954.9,10560
BANKNIFTY_F1,20180115,11:07,25956.6,25960.1,25952.3,25956.9,12680
BANKNIFTY_F1,20180115,11:08,25958.7,25962,25956.2,25956.8,6440
BANKNIFTY_F1,20180115,11:09,25958.4,25958.9,25942,25942,13000
BANKNIFTY_F1,20180115,11:10,25939.5,25942.1,25932.1,25941.5,17360
BANKNIFTY_F1,20180115,11:11,25942.8,25954,25941.8,25953.8,21320
BANKNIFTY_F1,20180115,11:12,25954.8,25958.9,25949.3,25952,8000
BANKNIFTY_F1,20180115,11:13,25952.2,25957.3,25949.7,25956.4,9800
BANKNIFTY_F1,20180115,11:14,25956.6,25961.8,25954.1,25958.8,7280
BANKNIFTY_F1,20180115,11:15,25960.7,25974.9,25958.7,25972.6,20520
BANKNIFTY_F1,20180115,11:16,25972.3,25989.9,25969.6,25977.9,32400
BANKNIFTY_F1,20180115,11:17,25977.8,25983,25975,25975,15200
BANKNIFTY_F1,20180115,11:18,25975.1,25981.7,25970.8,25978,11560
BANKNIFTY_F1,20180115,11:19,25978,25979.1,25971.3,25975.5,6600
BANKNIFTY_F1,20180115,11:20,25975.5,25979,25972.7,25979,8720
BANKNIFTY_F1,20180115,11:21,25979.1,25986.6,25977,25984.7,14840
BANKNIFTY_F1,20180115,11:22,25984.7,25987.4,25981.2,25985,8920
BANKNIFTY_F1,20180115,11:23,25987.8,25999.6,25987.8,25999.6,31560
BANKNIFTY_F1,20180115,11:24,26006.1,26013.9,25997.1,25997.1,37800
BANKNIFTY_F1,20180115,11:25,25997.7,26002,25997.7,26000.8,11480
BANKNIFTY_F1,20180115,11:26,26000.7,26002.4,25992,25993.3,9440
BANKNIFTY_F1,20180115,11:27,25993.2,25993.2,25985,25990.1,7880
BANKNIFTY_F1,20180115,11:28,25990,25998.5,25986,25998.5,5680
BANKNIFTY_F1,20180115,11:29,25999,26000,25996.7,25997.4,4560
BANKNIFTY_F1,20180115,11:30,26000,26001,25996.1,25996.1,6680
BANKNIFTY_F1,20180115,11:31,25995.8,25995.8,25986.2,25990.4,9360
BANKNIFTY_F1,20180115,11:32,25990.4,25993.6,25987.1,25992.3,9080
BANKNIFTY_F1,20180115,11:33,25996,25998.5,25991,25996,4760
BANKNIFTY_F1,20180115,11:34,25992.8,25994.9,25986,25987.4,2480
BANKNIFTY_F1,20180115,11:35,25987.4,25990,25985.2,25989.1,1720
BANKNIFTY_F1,20180115,11:36,25989.8,25990,25985,25990,2280
BANKNIFTY_F1,20180115,11:37,25988,25990,25985,25986.1,2080
BANKNIFTY_F1,20180115,11:38,25985,25985,25969.6,25972.1,12560
BANKNIFTY_F1,20180115,11:39,25972.1,25980,25972.1,25975,5400
BANKNIFTY_F1,20180115,11:40,25976,25976,25960.9,25960.9,9080
BANKNIFTY_F1,20180115,11:41,25961.1,25969.9,25960.6,25966.4,6280
BANKNIFTY_F1,20180115,11:42,25968.7,25968.9,25959.6,25964,10080
BANKNIFTY_F1,20180115,11:43,25964.5,25970,25962,25967.2,6320
BANKNIFTY_F1,20180115,11:44,25966.6,25978.8,25966.6,25974.7,4600
BANKNIFTY_F1,20180115,11:45,25975,25979.1,25972.5,25977.3,2040
BANKNIFTY_F1,20180115,11:46,25978,25980,25975.1,25977,2960
BANKNIFTY_F1,20180115,11:47,25977.6,25977.6,25973.6,25976.8,4560
BANKNIFTY_F1,20180115,11:48,25976.8,25976.8,25970.2,25973.7,2080
BANKNIFTY_F1,20180115,11:49,25974.9,25981,25973.8,25981,5120
BANKNIFTY_F1,20180115,11:50,25981.1,25986.6,25981.1,25985,8680
BANKNIFTY_F1,20180115,11:51,25985.1,25993.3,25985.1,25992.1,9160
BANKNIFTY_F1,20180115,11:52,25995,26002,25992.1,25999.9,23280
BANKNIFTY_F1,20180115,11:53,25999.9,25999.9,25990.1,25990.1,7360
BANKNIFTY_F1,20180115,11:54,25996,25996,25989.3,25993.8,2200
BANKNIFTY_F1,20180115,11:55,25993.8,25993.8,25984,25984.4,2680
BANKNIFTY_F1,20180115,11:56,25984.4,25987,25984.4,25987,4760
BANKNIFTY_F1,20180115,11:57,25986.2,25994.5,25986.2,25992.9,4760
BANKNIFTY_F1,20180115,11:58,25994.1,25998.9,25992.9,25993.2,5280
BANKNIFTY_F1,20180115,11:59,25996.7,26000,25994.9,25995.2,7680
BANKNIFTY_F1,20180115,12:00,25995.2,25997.5,25985,25985,4440
BANKNIFTY_F1,20180115,12:01,25985,25985.2,25981,25985,3720
BANKNIFTY_F1,20180115,12:02,25985,25992,25983.1,25992,3240
BANKNIFTY_F1,20180115,12:03,25990.2,25997.3,25985.3,25990,3840
BANKNIFTY_F1,20180115,12:04,25987.4,25995,25986.3,25994.8,3120
BANKNIFTY_F1,20180115,12:05,25995,25997.6,25994.8,25995.1,1640
BANKNIFTY_F1,20180115,12:06,25997.4,25998,25993.3,25998,3200
BANKNIFTY_F1,20180115,12:07,25997.4,26001.3,25994,25994,5200
BANKNIFTY_F1,20180115,12:08,25995,25999.9,25990.4,25998.4,3200
BANKNIFTY_F1,20180115,12:09,25998,25998,25994,25994,1640
BANKNIFTY_F1,20180115,12:10,25995,25998.5,25993.3,25998.5,2920
BANKNIFTY_F1,20180115,12:11,25998.9,26010,25998.9,26005.1,21680
BANKNIFTY_F1,20180115,12:12,26004.9,26004.9,25992.7,25994.2,3840
BANKNIFTY_F1,20180115,12:13,25994.2,25995,25991.1,25991.1,1960
BANKNIFTY_F1,20180115,12:14,25993.4,25994,25991,25994,960
BANKNIFTY_F1,20180115,12:15,25996.2,25996.2,25985,25989.9,2800
BANKNIFTY_F1,20180115,12:16,25986,25991,25985,25985,1400
BANKNIFTY_F1,20180115,12:17,25988,25993.9,25988,25990,1720
BANKNIFTY_F1,20180115,12:18,25992,25998,25989.1,25995,1400
BANKNIFTY_F1,20180115,12:19,25998.1,25998.3,25993.2,25993.2,2160
BANKNIFTY_F1,20180115,12:20,25998.5,26001.8,25997,25998.9,4880
BANKNIFTY_F1,20180115,12:21,25995.3,25999.4,25990.2,25994.3,3080
BANKNIFTY_F1,20180115,12:22,25993.1,25999.4,25993.1,25999,2280
BANKNIFTY_F1,20180115,12:23,25999,25999,25991.3,25991.4,1240
BANKNIFTY_F1,20180115,12:24,25991,25995,25990.4,25995,1680
BANKNIFTY_F1,20180115,12:25,25992.5,25997.9,25991,25997.9,1080
BANKNIFTY_F1,20180115,12:26,25997.9,25997.9,25994.4,25994.4,440
BANKNIFTY_F1,20180115,12:27,25995,25998.8,25995,25997.9,2560
BANKNIFTY_F1,20180115,12:28,25998,25998,25993.3,25995.4,4920
BANKNIFTY_F1,20180115,12:29,25993.9,25999.3,25992.7,25999.3,4040
BANKNIFTY_F1,20180115,12:30,25999.4,25999.9,25996.1,25998.9,3320
BANKNIFTY_F1,20180115,12:31,25996.1,25996.1,25982.3,25984.8,2960
BANKNIFTY_F1,20180115,12:32,25983.1,25990,25983,25989.1,3960
BANKNIFTY_F1,20180115,12:33,25993.9,25993.9,25986.4,25987.4,1920
BANKNIFTY_F1,20180115,12:34,25993.2,25993.2,25986,25989.9,3480
BANKNIFTY_F1,20180115,12:35,25988.7,25990,25983,25984.1,2200
BANKNIFTY_F1,20180115,12:36,25988,25988,25981.1,25981.9,3560
BANKNIFTY_F1,20180115,12:37,25982.1,25982.1,25976.3,25980.1,4560
BANKNIFTY_F1,20180115,12:38,25981,25989.8,25981,25984.2,2960
BANKNIFTY_F1,20180115,12:39,25985.1,25989,25984.2,25987,1840
BANKNIFTY_F1,20180115,12:40,25988.9,25989,25985.1,25988.7,2280
BANKNIFTY_F1,20180115,12:41,25985,25988,25983.1,25983.1,1840
BANKNIFTY_F1,20180115,12:42,25984.9,25988,25983,25988,2880
BANKNIFTY_F1,20180115,12:43,25989.9,25991.9,25984.3,25987,3760
BANKNIFTY_F1,20180115,12:44,25986.9,25989.4,25985.3,25987.9,1480
BANKNIFTY_F1,20180115,12:45,25985,25987.1,25981.1,25986.8,4600
BANKNIFTY_F1,20180115,12:46,25982,25989,25982,25983.9,4600
BANKNIFTY_F1,20180115,12:47,25983.3,25988.3,25983.1,25986.1,3880
BANKNIFTY_F1,20180115,12:48,25986.1,25993.9,25986.1,25990.3,1360
BANKNIFTY_F1,20180115,12:49,25993.8,25993.8,25988.1,25990,480
BANKNIFTY_F1,20180115,12:50,25988.9,25989.7,25981.5,25983.9,2760
BANKNIFTY_F1,20180115,12:51,25985.2,25987.6,25982.2,25983.8,1120
BANKNIFTY_F1,20180115,12:52,25982.6,25987,25982.6,25984.2,1080
BANKNIFTY_F1,20180115,12:53,25983.2,25985.3,25969,25977.5,7640
BANKNIFTY_F1,20180115,12:54,25975.1,25982,25975.1,25979.1,1480
BANKNIFTY_F1,20180115,12:55,25983.8,25984.3,25981,25983,1520
BANKNIFTY_F1,20180115,12:56,25982.3,25982.3,25977.1,25979.1,2280
BANKNIFTY_F1,20180115,12:57,25979,25979,25975,25975,1200
BANKNIFTY_F1,20180115,12:58,25975.9,25975.9,25968,25975,5600
BANKNIFTY_F1,20180115,12:59,25976,25976,25971.5,25975,2400
BANKNIFTY_F1,20180115,13:00,25976,25977.8,25974.6,25977.8,1240
BANKNIFTY_F1,20180115,13:01,25976,25977.8,25973,25973,1480
BANKNIFTY_F1,20180115,13:02,25976,25976.9,25970,25971.9,1520
BANKNIFTY_F1,20180115,13:03,25970,25975,25967.7,25971.4,3440
BANKNIFTY_F1,20180115,13:04,25973.1,25980,25973.1,25980,2400
BANKNIFTY_F1,20180115,13:05,25980,25984.8,25979.4,25980,7480
BANKNIFTY_F1,20180115,13:06,25980.4,25982,25979.6,25980,1200
BANKNIFTY_F1,20180115,13:07,25982,25982,25977.8,25978.5,2080
BANKNIFTY_F1,20180115,13:08,25979.9,25979.9,25974,25975.8,2240
BANKNIFTY_F1,20180115,13:09,25974.6,25974.6,25972.4,25973.2,1760
BANKNIFTY_F1,20180115,13:10,25974,25980.3,25974,25980.3,8640
BANKNIFTY_F1,20180115,13:11,25979.9,25979.9,25974.1,25976.6,2880
BANKNIFTY_F1,20180115,13:12,25974.1,25977.4,25963.1,25967.5,10080
BANKNIFTY_F1,20180115,13:13,25968.9,25975,25964.7,25973.3,3200
BANKNIFTY_F1,20180115,13:14,25973.3,25975,25968.4,25974,1360
BANKNIFTY_F1,20180115,13:15,25974.6,25982.5,25968.2,25981.9,6440
BANKNIFTY_F1,20180115,13:16,25981.4,25993,25981.4,25988.4,12000
BANKNIFTY_F1,20180115,13:17,25987.9,25989.1,25984,25985,1320
BANKNIFTY_F1,20180115,13:18,25987.3,25987.3,25977,25977,880
BANKNIFTY_F1,20180115,13:19,25976.6,25984.1,25976.6,25977.3,1360
BANKNIFTY_F1,20180115,13:20,25979,25980.1,25974.4,25975.3,2440
BANKNIFTY_F1,20180115,13:21,25974.4,25982,25974.4,25980.2,2680
BANKNIFTY_F1,20180115,13:22,25982,25982.2,25976,25979.2,1240
BANKNIFTY_F1,20180115,13:23,25982.3,25984,25980.9,25984,280
BANKNIFTY_F1,20180115,13:24,25982.6,25986.5,25982.1,25986.5,880
BANKNIFTY_F1,20180115,13:25,25988.3,25990,25985,25990,3600
BANKNIFTY_F1,20180115,13:26,25989.9,25999.9,25989.2,25999.9,3080
BANKNIFTY_F1,20180115,13:27,25999.9,26023.5,25996.2,26014.4,35240
BANKNIFTY_F1,20180115,13:28,26016,26021.4,26012.5,26013.9,7040
BANKNIFTY_F1,20180115,13:29,26011.9,26012.9,26005,26005,4040
BANKNIFTY_F1,20180115,13:30,26005,26009,26005,26006,1680
BANKNIFTY_F1,20180115,13:31,26006,26008.3,26000,26007.9,3160
BANKNIFTY_F1,20180115,13:32,26007.3,26009.2,26005,26007,5240
BANKNIFTY_F1,20180115,13:33,26007.2,26008.6,26005,26008.2,3920
BANKNIFTY_F1,20180115,13:34,26009.8,26011.7,26006.2,26006.2,4040
BANKNIFTY_F1,20180115,13:35,26005,26007.2,25997.3,26003.5,3400
BANKNIFTY_F1,20180115,13:36,26001.1,26003,25986.3,25986.8,6000
BANKNIFTY_F1,20180115,13:37,25986.3,25991.7,25986.3,25987.1,4200
BANKNIFTY_F1,20180115,13:38,25989.8,25989.8,25980,25983.7,7800
BANKNIFTY_F1,20180115,13:39,25981.3,25991,25981.3,25984.3,2240
BANKNIFTY_F1,20180115,13:40,25984.1,25990,25981,25990,1440
BANKNIFTY_F1,20180115,13:41,25990,25995,25986.1,25990.3,1440
BANKNIFTY_F1,20180115,13:42,25993.8,25993.8,25990.3,25991.1,1240
BANKNIFTY_F1,20180115,13:43,25992.2,25995,25990.8,25994.4,1000
BANKNIFTY_F1,20180115,13:44,25998.1,25998.1,25991,25992.1,680
BANKNIFTY_F1,20180115,13:45,25996.9,25997,25991.1,25991.1,1880
BANKNIFTY_F1,20180115,13:46,25991.1,25995.8,25990,25990.9,1520
BANKNIFTY_F1,20180115,13:47,25987.9,25994.9,25987.7,25992.1,1280
BANKNIFTY_F1,20180115,13:48,25993,25994.3,25992.1,25994.3,600
BANKNIFTY_F1,20180115,13:49,25994.9,25995,25991,25994.9,1600
BANKNIFTY_F1,20180115,13:50,25992.3,25994.6,25988.3,25992.1,3200
BANKNIFTY_F1,20180115,13:51,25993.3,25995,25993.2,25993.2,1960
BANKNIFTY_F1,20180115,13:52,25995,25995,25990.7,25995,1200
BANKNIFTY_F1,20180115,13:53,25995,25995,25988,25990.1,1240
BANKNIFTY_F1,20180115,13:54,25990.1,25993.5,25990.1,25990.1,400
BANKNIFTY_F1,20180115,13:55,25991.2,25994.4,25990,25993.9,1680
BANKNIFTY_F1,20180115,13:56,25990.1,25999,25990.1,25999,2680
BANKNIFTY_F1,20180115,13:57,25997.9,26000,25995,25995,1880
BANKNIFTY_F1,20180115,13:58,25994.3,26000,25993.9,25999,3160
BANKNIFTY_F1,20180115,13:59,26000,26002.1,25996.1,26000,3040
BANKNIFTY_F1,20180115,14:00,26000,26001.8,25995,25997.7,3040
BANKNIFTY_F1,20180115,14:01,25997.7,26009.9,25997.7,26003.2,4200
BANKNIFTY_F1,20180115,14:02,26001,26004.4,25998.2,26002.1,1600
BANKNIFTY_F1,20180115,14:03,26002,26004.7,25999.8,26002.4,1840
BANKNIFTY_F1,20180115,14:04,25998,26000,25997.7,25999.9,840
BANKNIFTY_F1,20180115,14:05,25999.1,26002.8,25997.5,26000,1360
BANKNIFTY_F1,20180115,14:06,25999.9,25999.9,25994.6,25995,600
BANKNIFTY_F1,20180115,14:07,25996.5,25996.5,25990,25990.9,2880
BANKNIFTY_F1,20180115,14:08,25991.8,25992.9,25987.3,25989.9,3720
BANKNIFTY_F1,20180115,14:09,25990.9,25992.9,25990,25992.1,1040
BANKNIFTY_F1,20180115,14:10,25994,25994,25989.9,25991,1640
BANKNIFTY_F1,20180115,14:11,25992,25996,25992,25994.7,840
BANKNIFTY_F1,20180115,14:12,25996,25996,25992.9,25992.9,1000
BANKNIFTY_F1,20180115,14:13,25992.8,25992.8,25986.6,25992,3120
BANKNIFTY_F1,20180115,14:14,25990.2,25991.5,25988.8,25990,1040
BANKNIFTY_F1,20180115,14:15,25991,25994.3,25990,25993.9,1800
BANKNIFTY_F1,20180115,14:16,25995,26000.7,25995,26000,3560
BANKNIFTY_F1,20180115,14:17,25998.1,25999.9,25990,25990.9,1400
BANKNIFTY_F1,20180115,14:18,25991.2,25995.7,25990.9,25991,1560
BANKNIFTY_F1,20180115,14:19,25991.3,25995.5,25991.3,25993.1,840
BANKNIFTY_F1,20180115,14:20,25993,25996,25993,25993,1160
BANKNIFTY_F1,20180115,14:21,25993,25996.7,25993,25996.7,1200
BANKNIFTY_F1,20180115,14:22,25996,25996,25992.1,25995.5,1000
BANKNIFTY_F1,20180115,14:23,25996.7,25996.7,25988.7,25988.7,4280
BANKNIFTY_F1,20180115,14:24,25988.7,25991.7,25982.3,25990.1,2400
BANKNIFTY_F1,20180115,14:25,25989.9,25990.4,25988,25989,2160
BANKNIFTY_F1,20180115,14:26,25989.6,25993.7,25987.7,25988,2400
BANKNIFTY_F1,20180115,14:27,25988.3,25992.5,25988.3,25992.5,1720
BANKNIFTY_F1,20180115,14:28,25992.3,25993.8,25992,25993,1320
BANKNIFTY_F1,20180115,14:29,25993,25993.8,25990.8,25993.8,960
BANKNIFTY_F1,20180115,14:30,25993.8,25997.2,25992.3,25995.1,1400
BANKNIFTY_F1,20180115,14:31,25995,25997,25993.3,25996,560
BANKNIFTY_F1,20180115,14:32,25995.9,25996.9,25991.9,25992.1,1160
BANKNIFTY_F1,20180115,14:33,25992.1,25996.5,25992.1,25996.5,840
BANKNIFTY_F1,20180115,14:34,25996.9,26015.4,25996.9,26011.8,8160
BANKNIFTY_F1,20180115,14:35,26012.1,26015,26007.9,26015,3600
BANKNIFTY_F1,20180115,14:36,26015,26015,26010.2,26013.1,4560
BANKNIFTY_F1,20180115,14:37,26012.9,26013.6,26009.2,26011.1,3200
BANKNIFTY_F1,20180115,14:38,26015,26020,26015,26019.1,6240
BANKNIFTY_F1,20180115,14:39,26018.6,26033,26018.6,26020.6,30120
BANKNIFTY_F1,20180115,14:40,26020,26024,26017,26019,4160
BANKNIFTY_F1,20180115,14:41,26022,26025,26021.2,26025,3040
BANKNIFTY_F1,20180115,14:42,26026,26031,26026,26030.6,12400
BANKNIFTY_F1,20180115,14:43,26028,26032.8,26025.1,26032.8,11920
BANKNIFTY_F1,20180115,14:44,26032.8,26034,26022.6,26023.1,9600
BANKNIFTY_F1,20180115,14:45,26028,26029.8,26022.1,26028,5680
BANKNIFTY_F1,20180115,14:46,26026,26026.9,26022.1,26026,3880
BANKNIFTY_F1,20180115,14:47,26025,26029,26023,26027.9,2960
BANKNIFTY_F1,20180115,14:48,26025,26027.9,26018.3,26019.5,5280
BANKNIFTY_F1,20180115,14:49,26020.2,26022.6,26010.3,26014.2,7320
BANKNIFTY_F1,20180115,14:50,26019,26026.9,26016.1,26025,3080
BANKNIFTY_F1,20180115,14:51,26025,26028,26020.4,26028,4240
BANKNIFTY_F1,20180115,14:52,26026,26029,26024.9,26026.9,2480
BANKNIFTY_F1,20180115,14:53,26027.3,26029.3,26025,26028,9120
BANKNIFTY_F1,20180115,14:54,26028,26028,26022,26023,12920
BANKNIFTY_F1,20180115,14:55,26024,26025.3,26021.2,26021.8,2520
BANKNIFTY_F1,20180115,14:56,26025.8,26049.3,26022.3,26046.9,28280
BANKNIFTY_F1,20180115,14:57,26042,26048.2,26040,26044.9,8520
BANKNIFTY_F1,20180115,14:58,26042,26063.6,26042,26052.2,27480
BANKNIFTY_F1,20180115,14:59,26055,26055,26041.2,26041.2,8800
BANKNIFTY_F1,20180115,15:00,26040.6,26045,26040.1,26044.3,3120
BANKNIFTY_F1,20180115,15:01,26043.9,26043.9,26034.3,26040.1,8800
BANKNIFTY_F1,20180115,15:02,26043.8,26043.8,26036.7,26042,6440
BANKNIFTY_F1,20180115,15:03,26042,26048,26040.1,26047.8,4320
BANKNIFTY_F1,20180115,15:04,26042.9,26046,26041.5,26042,11000
BANKNIFTY_F1,20180115,15:05,26042.1,26044,26038,26038,9760
BANKNIFTY_F1,20180115,15:06,26038,26042.5,26038,26041.1,4960
BANKNIFTY_F1,20180115,15:07,26045,26050.8,26042,26047.1,6000
BANKNIFTY_F1,20180115,15:08,26050,26053.8,26047,26049.1,7000
BANKNIFTY_F1,20180115,15:09,26051,26052.9,26050,26050.1,5160
BANKNIFTY_F1,20180115,15:10,26051.2,26054,26051.1,26053.9,8920
BANKNIFTY_F1,20180115,15:11,26054.5,26060,26052,26056.1,12760
BANKNIFTY_F1,20180115,15:12,26058.6,26058.6,26052,26053,8720
BANKNIFTY_F1,20180115,15:13,26053,26055.5,26048.3,26049,9480
BANKNIFTY_F1,20180115,15:14,26046,26051.3,26043.9,26043.9,8120
BANKNIFTY_F1,20180115,15:15,26043.5,26049,26042.2,26046.6,9680
BANKNIFTY_F1,20180115,15:16,26043,26045,26038.8,26043,18200
BANKNIFTY_F1,20180115,15:17,26042,26050,26042,26043,19920
BANKNIFTY_F1,20180115,15:18,26045.3,26053,26043,26046.8,12720
BANKNIFTY_F1,20180115,15:19,26047.7,26049.4,26043,26048.9,16280
BANKNIFTY_F1,20180115,15:20,26048,26053,26045.2,26051.9,17680
BANKNIFTY_F1,20180115,15:21,26050.8,26053.7,26044.9,26049.3,24520
BANKNIFTY_F1,20180115,15:22,26047.8,26050,26041.2,26044,36240
BANKNIFTY_F1,20180115,15:23,26045,26054.8,26044.1,26050.6,21440
BANKNIFTY_F1,20180115,15:24,26051.9,26051.9,26046.9,26046.9,9600
BANKNIFTY_F1,20180115,15:25,26046.7,26047.6,26045,26047,13120
BANKNIFTY_F1,20180115,15:26,26045,26047,26038.6,26038.8,29160
BANKNIFTY_F1,20180115,15:27,26038.8,26039.9,26035.7,26036.8,26600
BANKNIFTY_F1,20180115,15:28,26036.7,26038,26034.2,26037,17600
BANKNIFTY_F1,20180115,15:29,26035.2,26037.9,26035.2,26037.9,15080
BANKNIFTY_F1,20180115,15:30,26036.1,26043.8,26035.9,26041.1,23200
BANKNIFTY_F1,20180115,15:31,26045,26045,26045,26045,240
BANKNIFTY_F1,20180115,17:16,26044.8,26044.8,26044.8,26044.8,1
BANKNIFTY_F1,20180116,09:16,26121,26121,26029.9,26032.7,52320
BANKNIFTY_F1,20180116,09:17,26038.7,26044,26019.8,26044,35360
BANKNIFTY_F1,20180116,09:18,26042.8,26044.2,26034.6,26044.2,26280
BANKNIFTY_F1,20180116,09:19,26039.2,26040,26030,26031,15640
BANKNIFTY_F1,20180116,09:20,26031,26032.2,26012.4,26012.4,19880
BANKNIFTY_F1,20180116,09:21,26020,26020,25995.1,26002.3,36120
BANKNIFTY_F1,20180116,09:22,26000,26017.9,25998,26016,25400
BANKNIFTY_F1,20180116,09:23,26017,26020.4,26004,26008.7,20880
BANKNIFTY_F1,20180116,09:24,26005,26009,26002.6,26005.3,18200
BANKNIFTY_F1,20180116,09:25,26002.9,26015,26002.6,26010,15040
BANKNIFTY_F1,20180116,09:26,26009.1,26019.9,26006.5,26014.3,7840
BANKNIFTY_F1,20180116,09:27,26014.3,26020,26013,26016,3200
BANKNIFTY_F1,20180116,09:28,26017.9,26018.8,26011.1,26013,3080
BANKNIFTY_F1,20180116,09:29,26015,26025,26014,26025,7360
BANKNIFTY_F1,20180116,09:30,26024,26024,26015.1,26018,4040
BANKNIFTY_F1,20180116,09:31,26019,26026.8,26019,26022,4840
BANKNIFTY_F1,20180116,09:32,26020.5,26024,26012.5,26022,5080
BANKNIFTY_F1,20180116,09:33,26020,26031.2,26019.3,26028.6,6720
BANKNIFTY_F1,20180116,09:34,26028.9,26038.9,26028,26037,14440
BANKNIFTY_F1,20180116,09:35,26038.2,26042.9,26035,26035,11040
BANKNIFTY_F1,20180116,09:36,26035,26037.4,26032,26032.6,5760
BANKNIFTY_F1,20180116,09:37,26031.5,26042,26031.5,26042,4320
BANKNIFTY_F1,20180116,09:38,26042.2,26044.5,26037.3,26042.7,11040
BANKNIFTY_F1,20180116,09:39,26039.8,26043.2,26035.4,26036.8,2680
BANKNIFTY_F1,20180116,09:40,26036.8,26036.8,26026.1,26035.1,5200
BANKNIFTY_F1,20180116,09:41,26038,26041.8,26036.4,26039.8,1920
BANKNIFTY_F1,20180116,09:42,26040.3,26041,26037.1,26040,3440
BANKNIFTY_F1,20180116,09:43,26040,26041.6,26036,26039.1,3960
BANKNIFTY_F1,20180116,09:44,26040,26040.9,26035,26038,1760
BANKNIFTY_F1,20180116,09:45,26039,26043.4,26039,26039,4840
BANKNIFTY_F1,20180116,09:46,26040.4,26041.8,26036.8,26036.8,6960
BANKNIFTY_F1,20180116,09:47,26038.9,26039.7,26033.3,26035,2440
BANKNIFTY_F1,20180116,09:48,26037.8,26038.4,26025.9,26030.3,4440
BANKNIFTY_F1,20180116,09:49,26028.9,26030.4,26023.9,26025.3,3120
BANKNIFTY_F1,20180116,09:50,26025.3,26038.1,26025.3,26037.2,5520
BANKNIFTY_F1,20180116,09:51,26037.9,26039,26034,26035.6,3720
BANKNIFTY_F1,20180116,09:52,26036.1,26037.9,26033.1,26034.4,2360
BANKNIFTY_F1,20180116,09:53,26033.1,26036,26028,26033.1,3240
BANKNIFTY_F1,20180116,09:54,26033.1,26036,26028.8,26029.1,5760
BANKNIFTY_F1,20180116,09:55,26032,26034.8,26027,26033.9,2680
BANKNIFTY_F1,20180116,09:56,26029.2,26033.8,26029,26029,2200
BANKNIFTY_F1,20180116,09:57,26028.1,26033.6,26025.2,26025.2,2840
BANKNIFTY_F1,20180116,09:58,26026.1,26029,26025.1,26025.1,1480
BANKNIFTY_F1,20180116,09:59,26025.1,26033,26025.1,26027.9,2920
BANKNIFTY_F1,20180116,10:00,26029.8,26029.9,26022.3,26024.3,2080
BANKNIFTY_F1,20180116,10:01,26024.3,26035.3,26024.2,26027.4,6880
BANKNIFTY_F1,20180116,10:02,26027.1,26031.1,26027.1,26030,4200
BANKNIFTY_F1,20180116,10:03,26030,26030,26025,26028,3040
BANKNIFTY_F1,20180116,10:04,26028,26028.7,26023.1,26024.4,4160
BANKNIFTY_F1,20180116,10:05,26029.6,26029.6,26025,26028,1440
BANKNIFTY_F1,20180116,10:06,26028,26028,26023,26023.4,1600
BANKNIFTY_F1,20180116,10:07,26025,26028,26023.1,26025,2120
BANKNIFTY_F1,20180116,10:08,26025.3,26029.6,26025.3,26025.3,1920
BANKNIFTY_F1,20180116,10:09,26024.9,26027.4,26024.3,26026.3,2560
BANKNIFTY_F1,20180116,10:10,26026.2,26037.9,26024.8,26030,7440
BANKNIFTY_F1,20180116,10:11,26028,26028,26017,26020,6720
BANKNIFTY_F1,20180116,10:12,26020,26024.5,26020,26020,1880
BANKNIFTY_F1,20180116,10:13,26020,26023,26018.3,26019.8,1160
BANKNIFTY_F1,20180116,10:14,26019.8,26023.5,26018,26023.5,2160
BANKNIFTY_F1,20180116,10:15,26024.8,26024.8,26016,26018.2,5120
BANKNIFTY_F1,20180116,10:16,26016,26018.2,26015.8,26017.8,4280
BANKNIFTY_F1,20180116,10:17,26015.8,26018.2,26015.8,26015.8,3280
BANKNIFTY_F1,20180116,10:18,26017.7,26017.7,26015.1,26015.2,2440
BANKNIFTY_F1,20180116,10:19,26015.2,26016.9,26006.1,26006.2,8560
BANKNIFTY_F1,20180116,10:20,26006,26012.7,26005,26006.2,11440
BANKNIFTY_F1,20180116,10:21,26005.6,26010.9,26005.6,26008.8,6160
BANKNIFTY_F1,20180116,10:22,26008,26008,26001,26004,11160
BANKNIFTY_F1,20180116,10:23,26003,26007.3,25988.1,25990.2,21480
BANKNIFTY_F1,20180116,10:24,25985.6,25989.2,25976.6,25984.2,31080
BANKNIFTY_F1,20180116,10:25,25984.7,25986.8,25972.9,25979.1,35680
BANKNIFTY_F1,20180116,10:26,25974.2,25988,25973.9,25985.8,14560
BANKNIFTY_F1,20180116,10:27,25985.8,25990,25980,25988.9,10160
BANKNIFTY_F1,20180116,10:28,25985.7,25995,25983.7,25994,11320
BANKNIFTY_F1,20180116,10:29,25995,26000,25990,25990,16520
BANKNIFTY_F1,20180116,10:30,25988,25997.9,25988,25992.5,6680
BANKNIFTY_F1,20180116,10:31,25993.2,25997.6,25990,25990,3560
BANKNIFTY_F1,20180116,10:32,25989.8,25997.9,25988.4,25995,3480
BANKNIFTY_F1,20180116,10:33,25995,26005.5,25995,26003.8,8400
BANKNIFTY_F1,20180116,10:34,26004.9,26005,25997.9,26002,6040
BANKNIFTY_F1,20180116,10:35,26000,26002,25996,26000,2880
BANKNIFTY_F1,20180116,10:36,26000,26003.9,25998.3,26002.8,1720
BANKNIFTY_F1,20180116,10:37,26000.2,26003,25997,25997.1,1760
BANKNIFTY_F1,20180116,10:38,25998.8,26000,25997,25997,1600
BANKNIFTY_F1,20180116,10:39,25997.1,25998.6,25991.2,25991.2,2760
BANKNIFTY_F1,20180116,10:40,25991.1,25995,25990,25991,5360
BANKNIFTY_F1,20180116,10:41,25990.1,25991.6,25986.5,25987,8000
BANKNIFTY_F1,20180116,10:42,25987.7,25988,25979,25980.9,10680
BANKNIFTY_F1,20180116,10:43,25979.4,25987.9,25978,25978,13480
BANKNIFTY_F1,20180116,10:44,25978,25979.5,25972,25979,13200
BANKNIFTY_F1,20180116,10:45,25977.1,25984,25976.1,25979.9,5600
BANKNIFTY_F1,20180116,10:46,25982.3,25988,25981.1,25988,4280
BANKNIFTY_F1,20180116,10:47,25987.9,25987.9,25978,25978,3960
BANKNIFTY_F1,20180116,10:48,25980,25982.7,25977.9,25980.9,2880
BANKNIFTY_F1,20180116,10:49,25981.7,25981.7,25977.9,25978.1,2920
BANKNIFTY_F1,20180116,10:50,25978,25978.8,25973.9,25975.8,5200
BANKNIFTY_F1,20180116,10:51,25977.8,25977.8,25966.1,25971,24560
BANKNIFTY_F1,20180116,10:52,25972.1,25976.1,25965.1,25966,7640
BANKNIFTY_F1,20180116,10:53,25966,25979,25966,25974.2,9480
BANKNIFTY_F1,20180116,10:54,25977,25977.4,25972,25974,10280
BANKNIFTY_F1,20180116,10:55,25973.8,25977.8,25965,25974.1,19880
BANKNIFTY_F1,20180116,10:56,25974.1,25974.1,25962,25970.3,29840
BANKNIFTY_F1,20180116,10:57,25969,25973.9,25960.6,25963.3,12200
BANKNIFTY_F1,20180116,10:58,25965.6,25970,25961.7,25965,12680
BANKNIFTY_F1,20180116,10:59,25963.1,25975,25963.1,25974.7,5920
BANKNIFTY_F1,20180116,11:00,25974.8,25990,25974.8,25985,20720
BANKNIFTY_F1,20180116,11:01,25987.3,25987.6,25980.2,25985.7,8480
BANKNIFTY_F1,20180116,11:02,25984.7,25987.3,25980,25983.3,4200
BANKNIFTY_F1,20180116,11:03,25984.8,25995.8,25984.8,25990.9,8320
BANKNIFTY_F1,20180116,11:04,25990,25994.8,25984.8,25991.3,14160
BANKNIFTY_F1,20180116,11:05,25994.8,25996.4,25986.8,25990,10640
BANKNIFTY_F1,20180116,11:06,25990,25993.9,25987,25992.7,11360
BANKNIFTY_F1,20180116,11:07,25993.9,25994.4,25986.6,25986.6,8560
BANKNIFTY_F1,20180116,11:08,25986.6,25992.8,25984,25984,1800
BANKNIFTY_F1,20180116,11:09,25985,25990.9,25980.2,25984.9,6440
BANKNIFTY_F1,20180116,11:10,25986.8,25990.8,25984.2,25984.2,4000
BANKNIFTY_F1,20180116,11:11,25987,25993.6,25986.1,25993.1,3440
BANKNIFTY_F1,20180116,11:12,25993.9,26007.8,25993.9,26007.8,12160
BANKNIFTY_F1,20180116,11:13,26007.9,26014.9,26000.7,26013.6,18920
BANKNIFTY_F1,20180116,11:14,26015,26015.9,26002.1,26012,15880
BANKNIFTY_F1,20180116,11:15,26012,26016,26003.2,26010,13240
BANKNIFTY_F1,20180116,11:16,26010,26012.4,26003.1,26010,4160
BANKNIFTY_F1,20180116,11:17,26008.4,26009,26000,26009,4280
BANKNIFTY_F1,20180116,11:18,26006.1,26009.3,26003.3,26003.3,1880
BANKNIFTY_F1,20180116,11:19,26006,26010,26004,26010,5040
BANKNIFTY_F1,20180116,11:20,26012,26013.9,26005.4,26006.1,4280
BANKNIFTY_F1,20180116,11:21,26005,26010.8,26005,26007.9,2280
BANKNIFTY_F1,20180116,11:22,26005,26010,26005,26005,2520
BANKNIFTY_F1,20180116,11:23,26004,26004.5,26000.4,26003.9,6200
BANKNIFTY_F1,20180116,11:24,26000,26002.9,25991.7,25992.6,4840
BANKNIFTY_F1,20180116,11:25,25995,25995,25990,25993.3,5840
BANKNIFTY_F1,20180116,11:26,25999.9,26003,25996.3,26000,2120
BANKNIFTY_F1,20180116,11:27,26003,26003.9,25995.3,26003.1,2480
BANKNIFTY_F1,20180116,11:28,26004.9,26005.4,26002,26005,1040
BANKNIFTY_F1,20180116,11:29,26004.9,26004.9,25991.3,25995.2,4120
BANKNIFTY_F1,20180116,11:30,25996.1,26000.8,25993.6,25993.9,2640
BANKNIFTY_F1,20180116,11:31,25996.5,26011.9,25995.7,26008.1,2440
BANKNIFTY_F1,20180116,11:32,26008,26011.5,26005.1,26005.1,2520
BANKNIFTY_F1,20180116,11:33,26008.8,26011.3,26003.1,26010,2800
BANKNIFTY_F1,20180116,11:34,26012.7,26015.1,26008.1,26013.6,7560
BANKNIFTY_F1,20180116,11:35,26014,26014,26008,26011.7,1400
BANKNIFTY_F1,20180116,11:36,26008,26010.1,26004.1,26008,960
BANKNIFTY_F1,20180116,11:37,26005.1,26007.8,26004,26005.1,1480
BANKNIFTY_F1,20180116,11:38,26005.1,26016.3,26005.1,26016.3,3240
BANKNIFTY_F1,20180116,11:39,26015,26015,26008,26010,2120
BANKNIFTY_F1,20180116,11:40,26010,26016,26008.8,26014,2080
BANKNIFTY_F1,20180116,11:41,26011.4,26016.7,26009.1,26011.1,3600
BANKNIFTY_F1,20180116,11:42,26014,26016.9,26012.1,26016,2240
BANKNIFTY_F1,20180116,11:43,26016.9,26019.2,26016.9,26019,2600
BANKNIFTY_F1,20180116,11:44,26018.1,26019.7,26010,26010,2240
BANKNIFTY_F1,20180116,11:45,26007.4,26011,26007,26008,600
BANKNIFTY_F1,20180116,11:46,26008.9,26012,26005.3,26010,1960
BANKNIFTY_F1,20180116,11:47,26011.9,26012,26007,26010.3,1000
BANKNIFTY_F1,20180116,11:48,26006,26008.9,26006,26007,560
BANKNIFTY_F1,20180116,11:49,26009.1,26011.7,26007.6,26010,1520
BANKNIFTY_F1,20180116,11:50,26011.9,26012,26010.1,26012,760
BANKNIFTY_F1,20180116,11:51,26011.9,26011.9,26006,26006,1440
BANKNIFTY_F1,20180116,11:52,26006,26012,26006,26011.2,2720
BANKNIFTY_F1,20180116,11:53,26006.8,26013,26006.8,26013,1120
BANKNIFTY_F1,20180116,11:54,26015.3,26019.7,26010,26014.1,4880
BANKNIFTY_F1,20180116,11:55,26015,26015.7,26012.1,26014.9,1080
BANKNIFTY_F1,20180116,11:56,26014.9,26014.9,26012,26012,200
BANKNIFTY_F1,20180116,11:57,26012,26014.2,26007,26007,1320
BANKNIFTY_F1,20180116,11:58,26008,26008,26003,26004,1640
BANKNIFTY_F1,20180116,11:59,26003.2,26005,25997.1,25999.2,3920
BANKNIFTY_F1,20180116,12:00,25999.2,26006,25998,26003.9,2320
BANKNIFTY_F1,20180116,12:01,26005.1,26009.4,26002,26002,1680
BANKNIFTY_F1,20180116,12:02,26001.3,26003,26000,26000,880
BANKNIFTY_F1,20180116,12:03,26000,26001.9,25998.1,25998.1,1200
BANKNIFTY_F1,20180116,12:04,25998.1,26005,25996.1,25998.5,2280
BANKNIFTY_F1,20180116,12:05,26004,26011.1,26001.1,26011.1,1120
BANKNIFTY_F1,20180116,12:06,26013.3,26013.3,26005.1,26008.8,1160
BANKNIFTY_F1,20180116,12:07,26006,26008.9,26005.1,26007.1,720
BANKNIFTY_F1,20180116,12:08,26007.9,26007.9,26003,26004.3,360
BANKNIFTY_F1,20180116,12:09,26005.7,26014.2,26005.7,26013.8,840
BANKNIFTY_F1,20180116,12:10,26012.6,26018.8,26011.8,26016.9,2040
BANKNIFTY_F1,20180116,12:11,26016.9,26017.2,26012,26012,3120
BANKNIFTY_F1,20180116,12:12,26016.4,26019,26014.6,26014.6,2800
BANKNIFTY_F1,20180116,12:13,26010,26023.1,26010,26019.8,5720
BANKNIFTY_F1,20180116,12:14,26020.1,26021.3,26017,26018.6,1440
BANKNIFTY_F1,20180116,12:15,26020,26023.7,26012,26012,6520
BANKNIFTY_F1,20180116,12:16,26013.4,26017.1,26011.1,26014.9,2480
BANKNIFTY_F1,20180116,12:17,26014,26018.7,26011,26012,1040
BANKNIFTY_F1,20180116,12:18,26015.3,26019.1,26013,26015.9,1400
BANKNIFTY_F1,20180116,12:19,26016,26020,26016,26017.5,2960
BANKNIFTY_F1,20180116,12:20,26020.7,26028.8,26016.1,26020.1,6160
BANKNIFTY_F1,20180116,12:21,26023.1,26025.4,26020.3,26024.9,2600
BANKNIFTY_F1,20180116,12:22,26025.1,26025.1,26020.3,26022.1,3320
BANKNIFTY_F1,20180116,12:23,26020,26028.7,26015,26021.3,4480
BANKNIFTY_F1,20180116,12:24,26019,26024.3,26019,26021,1840
BANKNIFTY_F1,20180116,12:25,26021.9,26021.9,26020,26020,1600
BANKNIFTY_F1,20180116,12:26,26018,26019.3,26015,26015,640
BANKNIFTY_F1,20180116,12:27,26015,26015.3,26011.7,26013.3,1360
BANKNIFTY_F1,20180116,12:28,26012,26016,26012,26016,1040
BANKNIFTY_F1,20180116,12:29,26017.1,26019.3,26013,26018.9,560
BANKNIFTY_F1,20180116,12:30,26017.9,26020,26017.5,26020,1320
BANKNIFTY_F1,20180116,12:31,26019.2,26026.7,26019.2,26025.2,4880
BANKNIFTY_F1,20180116,12:32,26026.4,26035,26026.4,26031.8,11320
BANKNIFTY_F1,20180116,12:33,26031,26032.8,26023.4,26026.1,2520
BANKNIFTY_F1,20180116,12:34,26027.1,26032.9,26027.1,26032.9,4200
BANKNIFTY_F1,20180116,12:35,26034,26034,26031,26033.3,1760
BANKNIFTY_F1,20180116,12:36,26032.9,26032.9,26025,26026.8,1920
BANKNIFTY_F1,20180116,12:37,26026.8,26031.8,26026,26026,2880
BANKNIFTY_F1,20180116,12:38,26026,26026,26022.5,26024,1160
BANKNIFTY_F1,20180116,12:39,26024,26025,26020,26020.3,1400
BANKNIFTY_F1,20180116,12:40,26023.7,26023.7,26021.2,26022,520
BANKNIFTY_F1,20180116,12:41,26026,26034.1,26026,26029.6,5720
BANKNIFTY_F1,20180116,12:42,26031.4,26034.8,26030,26032.9,5920
BANKNIFTY_F1,20180116,12:43,26031.3,26032.2,26021,26021,1760
BANKNIFTY_F1,20180116,12:44,26021,26024,26020,26022.4,3600
BANKNIFTY_F1,20180116,12:45,26022.4,26022.4,26012,26012,3040
BANKNIFTY_F1,20180116,12:46,26011.1,26015,26010.7,26011,2600
BANKNIFTY_F1,20180116,12:47,26010.7,26012.1,26008.4,26008.6,4560
BANKNIFTY_F1,20180116,12:48,26010,26020,26008,26017,1680
BANKNIFTY_F1,20180116,12:49,26016.1,26023.8,26016,26023.8,2320
BANKNIFTY_F1,20180116,12:50,26024,26027.3,26022.2,26023.1,2080
BANKNIFTY_F1,20180116,12:51,26022.2,26024.6,26020,26020.7,1160
BANKNIFTY_F1,20180116,12:52,26020.8,26025,26017.9,26018,1120
BANKNIFTY_F1,20180116,12:53,26021.3,26021.3,26013.7,26016.5,240
BANKNIFTY_F1,20180116,12:54,26015.1,26015.1,26010,26013,3040
BANKNIFTY_F1,20180116,12:55,26012,26012,26004,26004,5920
BANKNIFTY_F1,20180116,12:56,26003.3,26005,26000.9,26005,9840
BANKNIFTY_F1,20180116,12:57,26006.9,26009,26004.1,26006,4800
BANKNIFTY_F1,20180116,12:58,26005,26005,26002.3,26002.9,3920
BANKNIFTY_F1,20180116,12:59,26001.6,26017.9,26001.6,26010,7560
BANKNIFTY_F1,20180116,13:00,26015.9,26015.9,26005.9,26010,4360
BANKNIFTY_F1,20180116,13:01,26005.9,26012.7,26005.2,26005.3,1280
BANKNIFTY_F1,20180116,13:02,26005.3,26005.3,25991,25994,6160
BANKNIFTY_F1,20180116,13:03,25992.4,25997,25991.2,25991.2,9320
BANKNIFTY_F1,20180116,13:04,25996.6,25996.6,25982.8,25984.8,17280
BANKNIFTY_F1,20180116,13:05,25988,25988,25975,25975,16040
BANKNIFTY_F1,20180116,13:06,25977.9,25986.5,25970.9,25984,17480
BANKNIFTY_F1,20180116,13:07,25989.4,25994.4,25985,25990,8560
BANKNIFTY_F1,20180116,13:08,25987.3,25995,25986.5,25990.2,4880
BANKNIFTY_F1,20180116,13:09,25990.2,25990.2,25986.8,25987.8,4040
BANKNIFTY_F1,20180116,13:10,25989.9,25989.9,25979.1,25986.2,6000
BANKNIFTY_F1,20180116,13:11,25986.8,25990.2,25982.3,25982.3,2320
BANKNIFTY_F1,20180116,13:12,25985,25986.1,25980,25985.2,9440
BANKNIFTY_F1,20180116,13:13,25985,25988.6,25975.9,25980,11320
BANKNIFTY_F1,20180116,13:14,25980,25988,25977.1,25983.1,13320
BANKNIFTY_F1,20180116,13:15,25980,25980,25969.3,25974.8,14480
BANKNIFTY_F1,20180116,13:16,25978,25980,25968,25968,4960
BANKNIFTY_F1,20180116,13:17,25966.9,25975.1,25966.2,25969.8,11560
BANKNIFTY_F1,20180116,13:18,25972,25972,25960,25964.2,15240
BANKNIFTY_F1,20180116,13:19,25964.3,25974.2,25963.5,25970.2,5600
BANKNIFTY_F1,20180116,13:20,25972,25980,25972,25976.1,3800
BANKNIFTY_F1,20180116,13:21,25976.1,25980,25971.4,25972.8,4040
BANKNIFTY_F1,20180116,13:22,25971.8,25980,25968.4,25974.8,8240
BANKNIFTY_F1,20180116,13:23,25974.6,25982.9,25970,25979.5,4560
BANKNIFTY_F1,20180116,13:24,25980,25980.9,25970.1,25974.1,4960
BANKNIFTY_F1,20180116,13:25,25973.6,25976.5,25970.1,25972.3,2840
BANKNIFTY_F1,20180116,13:26,25972.3,25978,25972.3,25975.9,2280
BANKNIFTY_F1,20180116,13:27,25972,25975.1,25970,25973,5000
BANKNIFTY_F1,20180116,13:28,25971.3,25971.3,25966.3,25971.2,7000
BANKNIFTY_F1,20180116,13:29,25971,25972.2,25962,25962.3,7320
BANKNIFTY_F1,20180116,13:30,25962,25967.9,25956.1,25956.7,21080
BANKNIFTY_F1,20180116,13:31,25956.3,25956.3,25940.2,25941.1,36640
BANKNIFTY_F1,20180116,13:32,25944.2,25961.4,25943.1,25954.2,15280
BANKNIFTY_F1,20180116,13:33,25954.3,25957.7,25944.7,25944.7,19120
BANKNIFTY_F1,20180116,13:34,25944,25947.6,25937.1,25947.5,19040
BANKNIFTY_F1,20180116,13:35,25948,25959.4,25947.1,25953,15320
BANKNIFTY_F1,20180116,13:36,25955,25963,25953,25963,7520
BANKNIFTY_F1,20180116,13:37,25964,25964.9,25949.9,25957.9,9840
BANKNIFTY_F1,20180116,13:38,25951,25960.4,25948.2,25959.8,4680
BANKNIFTY_F1,20180116,13:39,25956,25970,25956,25970,6640
BANKNIFTY_F1,20180116,13:40,25969.9,25970,25966,25967.9,2160
BANKNIFTY_F1,20180116,13:41,25968,25968,25960.1,25961.3,2360
BANKNIFTY_F1,20180116,13:42,25961.3,25967.9,25961.3,25966,1640
BANKNIFTY_F1,20180116,13:43,25965.1,25966.8,25962.6,25963.9,1600
BANKNIFTY_F1,20180116,13:44,25960.5,25970.2,25960.5,25970.2,5240
BANKNIFTY_F1,20180116,13:45,25974,25987.8,25974,25983.8,13280
BANKNIFTY_F1,20180116,13:46,25986.1,25986.9,25982,25984.6,3200
BANKNIFTY_F1,20180116,13:47,25984.6,25988,25981,25984.5,6080
BANKNIFTY_F1,20180116,13:48,25984,25984.6,25973.1,25977.2,3000
BANKNIFTY_F1,20180116,13:49,25978.3,25988,25975.8,25984.6,3520
BANKNIFTY_F1,20180116,13:50,25984.6,25984.9,25981,25984.9,2960
BANKNIFTY_F1,20180116,13:51,25985.1,25985.4,25975.7,25976.2,5240
BANKNIFTY_F1,20180116,13:52,25982.9,25984,25975,25982.1,3600
BANKNIFTY_F1,20180116,13:53,25984,25986,25979.9,25986,2360
BANKNIFTY_F1,20180116,13:54,25986.4,25997.9,25984.1,25990,6480
BANKNIFTY_F1,20180116,13:55,25989.8,25999,25988,25992.9,6200
BANKNIFTY_F1,20180116,13:56,25992.6,25994.9,25980,25982.3,4960
BANKNIFTY_F1,20180116,13:57,25987.9,25987.9,25980,25980.3,1160
BANKNIFTY_F1,20180116,13:58,25980.3,25982,25976.3,25978.5,4320
BANKNIFTY_F1,20180116,13:59,25980.1,25981.8,25976.1,25981.8,680
BANKNIFTY_F1,20180116,14:00,25980.1,25980.1,25965,25965,4800
BANKNIFTY_F1,20180116,14:01,25967.9,25974.4,25961.4,25972.8,4120
BANKNIFTY_F1,20180116,14:02,25972.8,25975.9,25971.9,25971.9,1320
BANKNIFTY_F1,20180116,14:03,25969.9,25973.4,25960,25965,6760
BANKNIFTY_F1,20180116,14:04,25965,25968.9,25960.6,25968.9,6880
BANKNIFTY_F1,20180116,14:05,25967,25974.2,25966.9,25971.9,2320
BANKNIFTY_F1,20180116,14:06,25972.5,25972.5,25968.3,25970,1240
BANKNIFTY_F1,20180116,14:07,25970,25970,25958.3,25959.1,8920
BANKNIFTY_F1,20180116,14:08,25956.4,25960.9,25955.1,25956.9,3320
BANKNIFTY_F1,20180116,14:09,25958.1,25972,25950.3,25964.8,13000
BANKNIFTY_F1,20180116,14:10,25969.1,25969.1,25963.4,25963.4,800
BANKNIFTY_F1,20180116,14:11,25962.2,25967.4,25955,25955.9,4680
BANKNIFTY_F1,20180116,14:12,25955.9,25971.8,25954.4,25970,8840
BANKNIFTY_F1,20180116,14:13,25972.1,25979.9,25970,25977.3,3480
BANKNIFTY_F1,20180116,14:14,25977.1,25979.8,25968.1,25970.1,6160
BANKNIFTY_F1,20180116,14:15,25971.4,25975.2,25968.1,25970.3,3360
BANKNIFTY_F1,20180116,14:16,25972.3,25974,25970,25970.1,1720
BANKNIFTY_F1,20180116,14:17,25970,25985.8,25970,25983.4,7840
BANKNIFTY_F1,20180116,14:18,25980.1,25985.2,25978,25982.7,3120
BANKNIFTY_F1,20180116,14:19,25981.7,25982.7,25975,25980.9,2840
BANKNIFTY_F1,20180116,14:20,25980.9,25981.1,25970,25973.7,6960
BANKNIFTY_F1,20180116,14:21,25970,25974.4,25966,25974,1640
BANKNIFTY_F1,20180116,14:22,25971.3,25976,25971.3,25975,2880
BANKNIFTY_F1,20180116,14:23,25976.4,25977,25970.8,25977,880
BANKNIFTY_F1,20180116,14:24,25976.8,25976.8,25970.1,25970.1,280
BANKNIFTY_F1,20180116,14:25,25969.3,25977.8,25967.3,25977.8,3840
BANKNIFTY_F1,20180116,14:26,25976.9,25985,25976.9,25985,1120
BANKNIFTY_F1,20180116,14:27,25985,25990.3,25984.1,25990.3,3640
BANKNIFTY_F1,20180116,14:28,25989.7,25989.7,25980,25989,5200
BANKNIFTY_F1,20180116,14:29,25991,26004.9,25990,25999.9,21160
BANKNIFTY_F1,20180116,14:30,26004.3,26004.3,25985.1,25986.3,12200
BANKNIFTY_F1,20180116,14:31,25992.9,25994,25986.3,25990.2,2480
BANKNIFTY_F1,20180116,14:32,25990,25993,25985.3,25992,3640
BANKNIFTY_F1,20180116,14:33,25994.6,25994.6,25985,25985.5,1720
BANKNIFTY_F1,20180116,14:34,25988.8,25991,25985,25989.2,3520
BANKNIFTY_F1,20180116,14:35,25994.5,26008.8,25994.1,25999.1,7840
BANKNIFTY_F1,20180116,14:36,25999,26001,25990.6,25998,2520
BANKNIFTY_F1,20180116,14:37,25996.8,25998,25994,25994.1,1360
BANKNIFTY_F1,20180116,14:38,25994.1,26005,25993.3,26002.8,6040
BANKNIFTY_F1,20180116,14:39,25999.5,25999.9,25988,25988,4280
BANKNIFTY_F1,20180116,14:40,25990.9,25994,25987,25992.9,3800
BANKNIFTY_F1,20180116,14:41,25992.1,25994,25990,25990,1080
BANKNIFTY_F1,20180116,14:42,25992.4,25993.3,25985.1,25989.1,3920
BANKNIFTY_F1,20180116,14:43,25989.1,25992,25986,25990.7,1040
BANKNIFTY_F1,20180116,14:44,25989.9,25989.9,25985.1,25987,1280
BANKNIFTY_F1,20180116,14:45,25986.9,25988.9,25982.8,25987.1,1760
BANKNIFTY_F1,20180116,14:46,25987,25994,25987,25992.1,2360
BANKNIFTY_F1,20180116,14:47,25994,25994,25986.3,25989.2,1240
BANKNIFTY_F1,20180116,14:48,25989,25991,25986.6,25990.9,560
BANKNIFTY_F1,20180116,14:49,25991,25991,25984,25985,3120
BANKNIFTY_F1,20180116,14:50,25986.9,25986.9,25978.8,25980,3600
BANKNIFTY_F1,20180116,14:51,25980.5,25982,25972.8,25973.4,7560
BANKNIFTY_F1,20180116,14:52,25972.4,25975.9,25969.9,25971.1,8160
BANKNIFTY_F1,20180116,14:53,25972.1,25973.6,25965.3,25965.7,9080
BANKNIFTY_F1,20180116,14:54,25967.2,25968.3,25962.7,25966.9,10160
BANKNIFTY_F1,20180116,14:55,25965,25972.1,25962.5,25966.1,3960
BANKNIFTY_F1,20180116,14:56,25967.5,25974.2,25965,25972,5160
BANKNIFTY_F1,20180116,14:57,25970.1,25970.1,25955.6,25958.3,9400
BANKNIFTY_F1,20180116,14:58,25956.7,25965.9,25955,25965,7880
BANKNIFTY_F1,20180116,14:59,25965.8,25971.7,25962,25971.7,4000
BANKNIFTY_F1,20180116,15:00,25970.1,25977.7,25967.3,25969.9,2480
BANKNIFTY_F1,20180116,15:01,25970,25979.7,25970,25972.1,2040
BANKNIFTY_F1,20180116,15:02,25971.6,25971.6,25957,25958,11160
BANKNIFTY_F1,20180116,15:03,25956.4,25968.4,25956.3,25966,5280
BANKNIFTY_F1,20180116,15:04,25965.1,25983.8,25965.1,25983.8,8280
BANKNIFTY_F1,20180116,15:05,25983.8,25983.8,25970,25979.8,13040
BANKNIFTY_F1,20180116,15:06,25978,25979.9,25972.1,25975.7,3560
BANKNIFTY_F1,20180116,15:07,25973.1,25978.8,25973,25978.8,3960
BANKNIFTY_F1,20180116,15:08,25980.3,25983,25975,25980,7000
BANKNIFTY_F1,20180116,15:09,25980.7,25981.2,25979,25979,3560
BANKNIFTY_F1,20180116,15:10,25980,25982.4,25973,25975,5160
BANKNIFTY_F1,20180116,15:11,25974.5,25975,25968,25970.8,5440
BANKNIFTY_F1,20180116,15:12,25970.8,25973.7,25967.8,25968,5800
BANKNIFTY_F1,20180116,15:13,25968.8,25972.4,25965.2,25970.1,3160
BANKNIFTY_F1,20180116,15:14,25968.4,25978.4,25968.4,25977.8,4480
BANKNIFTY_F1,20180116,15:15,25974.5,25979,25971.5,25976.9,1480
BANKNIFTY_F1,20180116,15:16,25978,25987.8,25976,25978.4,28440
BANKNIFTY_F1,20180116,15:17,25978.1,25982,25972.1,25976,9640
BANKNIFTY_F1,20180116,15:18,25976,25985,25975,25983,7760
BANKNIFTY_F1,20180116,15:19,25983,25984,25976,25979.9,9200
BANKNIFTY_F1,20180116,15:20,25979.1,25980.4,25975,25978.6,6160
BANKNIFTY_F1,20180116,15:21,25977,25985.7,25977,25985.2,9080
BANKNIFTY_F1,20180116,15:22,25985.2,25987,25980,25985,8760
BANKNIFTY_F1,20180116,15:23,25984.9,25987.7,25981.2,25981.2,10200
BANKNIFTY_F1,20180116,15:24,25981.2,25990.3,25981.2,25989.6,8160
BANKNIFTY_F1,20180116,15:25,25991.1,25993.1,25986.1,25992.8,7920
BANKNIFTY_F1,20180116,15:26,25992.9,25993,25988,25992.2,7200
BANKNIFTY_F1,20180116,15:27,25992.2,25995.3,25990.1,25990.1,10360
BANKNIFTY_F1,20180116,15:28,25991.8,25995,25988,25991.6,15040
BANKNIFTY_F1,20180116,15:29,25991.7,25992.5,25990.7,25991.9,10400
BANKNIFTY_F1,20180116,15:30,25991,25992,25987.6,25989.7,15480
BANKNIFTY_F1,20180116,16:50,25981.3,25981.3,25981.3,25981.3,1
