BANKNIFTY_F1,20171003,09:16,24580,24580,24179.4,24186.5,123440
BANKNIFTY_F1,20171003,09:17,24180.3,24187.8,24148,24155.2,71560
BANKNIFTY_F1,20171003,09:18,24155.9,24163.4,24103.7,24119.3,51120
BANKNIFTY_F1,20171003,09:19,24111.4,24127.9,24087.9,24126.9,51320
BANKNIFTY_F1,20171003,09:20,24123.8,24143.9,24105.4,24140,29000
BANKNIFTY_F1,20171003,09:21,24136.9,24163.1,24133.9,24163.1,20720
BANKNIFTY_F1,20171003,09:22,24163.1,24185,24163.1,24180,22080
BANKNIFTY_F1,20171003,09:23,24175.1,24189.8,24170,24173.7,14320
BANKNIFTY_F1,20171003,09:24,24170,24185.6,24160.3,24162.1,13040
BANKNIFTY_F1,20171003,09:25,24160.8,24162,24135.2,24135.2,10880
BANKNIFTY_F1,20171003,09:26,24135.2,24152.2,24128,24128.3,16000
BANKNIFTY_F1,20171003,09:27,24126,24140,24102.9,24104.8,20120
BANKNIFTY_F1,20171003,09:28,24107.5,24110,24044.6,24095.5,53120
BANKNIFTY_F1,20171003,09:29,24091.9,24095.8,24061.4,24079,16320
BANKNIFTY_F1,20171003,09:30,24079.9,24096.9,24074.9,24083.1,9800
BANKNIFTY_F1,20171003,09:31,24084.1,24085.5,24066.6,24068,10400
BANKNIFTY_F1,20171003,09:32,24069.2,24089.9,24065.9,24080.9,10040
BANKNIFTY_F1,20171003,09:33,24078.7,24095.2,24077.2,24092.3,8000
BANKNIFTY_F1,20171003,09:34,24096,24099,24091,24092.9,10080
BANKNIFTY_F1,20171003,09:35,24090.1,24092.9,24075.2,24081.8,8600
BANKNIFTY_F1,20171003,09:36,24082.4,24089.3,24065,24070.2,11360
BANKNIFTY_F1,20171003,09:37,24068,24069.9,24051,24067.3,19680
BANKNIFTY_F1,20171003,09:38,24066.7,24075,24026,24031.9,28240
BANKNIFTY_F1,20171003,09:39,24027,24053.1,24021.6,24053.1,23200
BANKNIFTY_F1,20171003,09:40,24054.9,24063.7,24039.9,24051.3,17040
BANKNIFTY_F1,20171003,09:41,24050,24050.1,24033,24048.3,16400
BANKNIFTY_F1,20171003,09:42,24048.9,24065,24048.9,24057,9800
BANKNIFTY_F1,20171003,09:43,24059.9,24074.4,24059.9,24067.5,6280
BANKNIFTY_F1,20171003,09:44,24069.9,24087.8,24066.9,24086,10840
BANKNIFTY_F1,20171003,09:45,24087.8,24094,24087.8,24088,9280
BANKNIFTY_F1,20171003,09:46,24088,24090.8,24067,24070,6760
BANKNIFTY_F1,20171003,09:47,24066.7,24067,24058.2,24058.2,11720
BANKNIFTY_F1,20171003,09:48,24060.8,24077.3,24059,24068.1,14680
BANKNIFTY_F1,20171003,09:49,24068.1,24075,24063.4,24071.2,12680
BANKNIFTY_F1,20171003,09:50,24071.2,24076.1,24065.3,24068.1,9320
BANKNIFTY_F1,20171003,09:51,24068.5,24070.2,24064.1,24070.2,2880
BANKNIFTY_F1,20171003,09:52,24073.9,24094,24073.8,24092,5920
BANKNIFTY_F1,20171003,09:53,24093,24095,24084.8,24095,4240
BANKNIFTY_F1,20171003,09:54,24095,24095,24060.1,24060.1,5040
BANKNIFTY_F1,20171003,09:55,24060,24086,24056.8,24085.3,7320
BANKNIFTY_F1,20171003,09:56,24089.4,24092,24082.2,24083.8,2160
BANKNIFTY_F1,20171003,09:57,24078.9,24090,24073.8,24088,2360
BANKNIFTY_F1,20171003,09:58,24086.1,24095,24085.4,24093.9,3600
BANKNIFTY_F1,20171003,09:59,24093.9,24093.9,24077,24077,3880
BANKNIFTY_F1,20171003,10:00,24080,24083.9,24078,24081.9,1680
BANKNIFTY_F1,20171003,10:01,24078.9,24085.3,24073.6,24076.8,1960
BANKNIFTY_F1,20171003,10:02,24085.3,24085.3,24080.2,24080.3,1040
BANKNIFTY_F1,20171003,10:03,24084.6,24085,24080,24080,1400
BANKNIFTY_F1,20171003,10:04,24080,24086.6,24070.5,24070.5,4680
BANKNIFTY_F1,20171003,10:05,24070,24077.8,24066.3,24071.7,5960
BANKNIFTY_F1,20171003,10:06,24072.8,24077.9,24064.4,24067,1520
BANKNIFTY_F1,20171003,10:07,24065.3,24069.4,24045.1,24054.1,12360
BANKNIFTY_F1,20171003,10:08,24055.1,24060.7,24052.1,24056.9,3640
BANKNIFTY_F1,20171003,10:09,24055.9,24063.9,24054.3,24059.9,2440
BANKNIFTY_F1,20171003,10:10,24060,24062.9,24050,24051.6,4800
BANKNIFTY_F1,20171003,10:11,24051.6,24052.2,24028.8,24034.2,14480
BANKNIFTY_F1,20171003,10:12,24030,24040.3,24003,24030,40240
BANKNIFTY_F1,20171003,10:13,24031.3,24048,24015.3,24048,16040
BANKNIFTY_F1,20171003,10:14,24046.9,24066.5,24037.6,24057,42680
BANKNIFTY_F1,20171003,10:15,24060.6,24069.9,24055.5,24061,20200
BANKNIFTY_F1,20171003,10:16,24066.9,24071.8,24063.1,24064.3,10360
BANKNIFTY_F1,20171003,10:17,24068.1,24087,24068.1,24078,11800
BANKNIFTY_F1,20171003,10:18,24077,24080,24065.1,24065.1,3600
BANKNIFTY_F1,20171003,10:19,24068.3,24079.3,24065.2,24071.7,5960
BANKNIFTY_F1,20171003,10:20,24072.5,24072.5,24064.1,24070,2400
BANKNIFTY_F1,20171003,10:21,24072,24077,24060.1,24060.1,7680
BANKNIFTY_F1,20171003,10:22,24059.9,24065.5,24056.8,24057.6,4640
BANKNIFTY_F1,20171003,10:23,24058,24070,24057.6,24070,3600
BANKNIFTY_F1,20171003,10:24,24067.2,24067.4,24060,24060.9,2600
BANKNIFTY_F1,20171003,10:25,24057.8,24059.6,24047.2,24059.6,5000
BANKNIFTY_F1,20171003,10:26,24053.4,24061.3,24047.6,24047.6,8280
BANKNIFTY_F1,20171003,10:27,24057.8,24067,24057,24067,1320
BANKNIFTY_F1,20171003,10:28,24068,24072.8,24062,24064,1600
BANKNIFTY_F1,20171003,10:29,24065.2,24073.8,24065.2,24073.3,1880
BANKNIFTY_F1,20171003,10:30,24075,24083.1,24075,24081.9,3840
BANKNIFTY_F1,20171003,10:31,24082,24083,24072,24076.9,4600
BANKNIFTY_F1,20171003,10:32,24076,24077.1,24070,24070,520
BANKNIFTY_F1,20171003,10:33,24070,24072,24061.5,24063,800
BANKNIFTY_F1,20171003,10:34,24065.8,24066,24063,24066,400
BANKNIFTY_F1,20171003,10:35,24067.2,24076.8,24067.2,24071.9,840
BANKNIFTY_F1,20171003,10:36,24073.7,24080,24073.7,24080,1200
BANKNIFTY_F1,20171003,10:37,24077.1,24080.1,24075,24080.1,2320
BANKNIFTY_F1,20171003,10:38,24079,24080.1,24076.6,24080,2320
BANKNIFTY_F1,20171003,10:39,24080.1,24084.8,24078.1,24083.4,2280
BANKNIFTY_F1,20171003,10:40,24082,24083.8,24077.8,24078.4,3040
BANKNIFTY_F1,20171003,10:41,24077.4,24094.8,24075.1,24094.8,7880
BANKNIFTY_F1,20171003,10:42,24095,24095,24075,24086.7,3800
BANKNIFTY_F1,20171003,10:43,24087,24087.9,24080.6,24085,2960
BANKNIFTY_F1,20171003,10:44,24086.8,24088,24084,24086.1,2080
BANKNIFTY_F1,20171003,10:45,24086,24086,24076.7,24080.3,2080
BANKNIFTY_F1,20171003,10:46,24080.3,24084.2,24076.7,24079.1,920
BANKNIFTY_F1,20171003,10:47,24081.7,24086,24080.1,24085.5,1360
BANKNIFTY_F1,20171003,10:48,24084.3,24085,24078.4,24084.9,880
BANKNIFTY_F1,20171003,10:49,24085,24093.4,24085,24090.8,1560
BANKNIFTY_F1,20171003,10:50,24091.7,24125.2,24091.7,24113.9,32320
BANKNIFTY_F1,20171003,10:51,24113.9,24117.4,24108.9,24116,6040
BANKNIFTY_F1,20171003,10:52,24116.2,24121,24103.3,24103.4,8920
BANKNIFTY_F1,20171003,10:53,24101,24112.9,24100.7,24108.9,3400
BANKNIFTY_F1,20171003,10:54,24105,24115,24102.1,24114,2600
BANKNIFTY_F1,20171003,10:55,24112.1,24118.1,24108,24118.1,2880
BANKNIFTY_F1,20171003,10:56,24118,24127,24109.2,24113.1,10120
BANKNIFTY_F1,20171003,10:57,24117.4,24118.9,24110,24110.8,2360
BANKNIFTY_F1,20171003,10:58,24114.1,24122.3,24114.1,24115,2080
BANKNIFTY_F1,20171003,10:59,24113.8,24113.8,24108,24109.9,2760
BANKNIFTY_F1,20171003,11:00,24107.2,24107.9,24098.6,24102.8,4000
BANKNIFTY_F1,20171003,11:01,24104,24104.4,24094.3,24094.3,3480
BANKNIFTY_F1,20171003,11:02,24097.9,24097.9,24090,24096.1,4480
BANKNIFTY_F1,20171003,11:03,24093.1,24100,24093.1,24100,600
BANKNIFTY_F1,20171003,11:04,24100,24107,24099.9,24106,800
BANKNIFTY_F1,20171003,11:05,24105.3,24117,24105.3,24112,2760
BANKNIFTY_F1,20171003,11:06,24115.6,24116.9,24102.3,24111.1,1280
BANKNIFTY_F1,20171003,11:07,24110.1,24116,24110,24115.1,640
BANKNIFTY_F1,20171003,11:08,24116.9,24128.9,24115,24125.1,7240
BANKNIFTY_F1,20171003,11:09,24129,24145,24129,24130.4,19080
BANKNIFTY_F1,20171003,11:10,24129,24136.3,24127.3,24136.3,4280
BANKNIFTY_F1,20171003,11:11,24133.6,24133.6,24127,24131.9,3000
BANKNIFTY_F1,20171003,11:12,24128.1,24130.2,24126.6,24129.9,4880
BANKNIFTY_F1,20171003,11:13,24129.7,24140,24128,24137.8,4240
BANKNIFTY_F1,20171003,11:14,24139.1,24142,24137.8,24142,7560
BANKNIFTY_F1,20171003,11:15,24140.4,24143.9,24134.2,24139.1,4640
BANKNIFTY_F1,20171003,11:16,24138,24141.3,24130.2,24132,4680
BANKNIFTY_F1,20171003,11:17,24130.4,24130.4,24115,24122.6,5160
BANKNIFTY_F1,20171003,11:18,24121.3,24131.3,24120,24123.8,3640
BANKNIFTY_F1,20171003,11:19,24123.9,24125.1,24115,24121.1,4720
BANKNIFTY_F1,20171003,11:20,24124.9,24127.3,24123,24123,1960
BANKNIFTY_F1,20171003,11:21,24121.4,24127.7,24121.3,24126.6,1880
BANKNIFTY_F1,20171003,11:22,24127.8,24131.8,24126.1,24127,1160
BANKNIFTY_F1,20171003,11:23,24125,24130,24125,24129.9,1320
BANKNIFTY_F1,20171003,11:24,24126,24128,24123.9,24126.2,400
BANKNIFTY_F1,20171003,11:25,24125.3,24125.3,24123.1,24124,760
BANKNIFTY_F1,20171003,11:26,24125.1,24125.1,24112.9,24120.8,4960
BANKNIFTY_F1,20171003,11:27,24117.3,24119.1,24109,24109.1,4040
BANKNIFTY_F1,20171003,11:28,24109.4,24114.5,24104.7,24107,3120
BANKNIFTY_F1,20171003,11:29,24104,24109.2,24103.6,24106,2320
BANKNIFTY_F1,20171003,11:30,24104.8,24109,24103,24107.4,2840
BANKNIFTY_F1,20171003,11:31,24109.8,24118.8,24108.3,24114,2480
BANKNIFTY_F1,20171003,11:32,24117.4,24117.4,24110.8,24113,920
BANKNIFTY_F1,20171003,11:33,24113,24115,24112.8,24114.7,600
BANKNIFTY_F1,20171003,11:34,24111,24111.9,24108.8,24108.8,1760
BANKNIFTY_F1,20171003,11:35,24110.1,24115,24110.1,24114.2,720
BANKNIFTY_F1,20171003,11:36,24115,24119,24114.6,24115,600
BANKNIFTY_F1,20171003,11:37,24114,24115,24111.5,24112.1,600
BANKNIFTY_F1,20171003,11:38,24115,24115,24112.1,24112.1,400
BANKNIFTY_F1,20171003,11:39,24112.2,24112.2,24107.1,24107.9,560
BANKNIFTY_F1,20171003,11:40,24107.1,24110,24097.5,24099,5440
BANKNIFTY_F1,20171003,11:41,24102,24108.9,24099.1,24099.2,2880
BANKNIFTY_F1,20171003,11:42,24102,24107.3,24101.3,24105,2760
BANKNIFTY_F1,20171003,11:43,24105,24110,24103.4,24103.8,1160
BANKNIFTY_F1,20171003,11:44,24107,24108,24102.4,24106,2040
BANKNIFTY_F1,20171003,11:45,24106.6,24107.9,24105.9,24107.3,400
BANKNIFTY_F1,20171003,11:46,24107.4,24110,24106,24109.4,960
BANKNIFTY_F1,20171003,11:47,24106.1,24113,24106.1,24113,1600
BANKNIFTY_F1,20171003,11:48,24108.5,24109.7,24108,24108,480
BANKNIFTY_F1,20171003,11:49,24108,24108,24101,24102.9,1440
BANKNIFTY_F1,20171003,11:50,24101,24104.4,24094,24094.9,3520
BANKNIFTY_F1,20171003,11:51,24094.2,24100.4,24091.5,24100.4,1760
BANKNIFTY_F1,20171003,11:52,24100.4,24100.4,24095.8,24099,2800
BANKNIFTY_F1,20171003,11:53,24099,24110.8,24098.1,24107,2040
BANKNIFTY_F1,20171003,11:54,24110.8,24113,24108.9,24108.9,1600
BANKNIFTY_F1,20171003,11:55,24110,24110,24107.3,24110,680
BANKNIFTY_F1,20171003,11:56,24109.9,24114,24107.6,24114,1560
BANKNIFTY_F1,20171003,11:57,24114,24125,24114,24117,3080
BANKNIFTY_F1,20171003,11:58,24116.1,24122.6,24115,24122.6,2880
BANKNIFTY_F1,20171003,11:59,24122.3,24133,24121.9,24131,7000
BANKNIFTY_F1,20171003,12:00,24130,24132.4,24129.6,24129.9,2960
BANKNIFTY_F1,20171003,12:01,24127.3,24128.4,24120,24122.6,2520
BANKNIFTY_F1,20171003,12:02,24122.1,24123.1,24120.1,24123.1,1080
BANKNIFTY_F1,20171003,12:03,24127.7,24128,24125.4,24128,2480
BANKNIFTY_F1,20171003,12:04,24127.7,24131.3,24125,24127.2,2520
BANKNIFTY_F1,20171003,12:05,24127.2,24129.9,24122.4,24124.1,800
BANKNIFTY_F1,20171003,12:06,24127,24127,24122.4,24122.4,840
BANKNIFTY_F1,20171003,12:07,24120.3,24123.9,24120.1,24121.9,760
BANKNIFTY_F1,20171003,12:08,24121.4,24123.9,24120,24120,400
BANKNIFTY_F1,20171003,12:09,24119.2,24123,24111,24111.9,3000
BANKNIFTY_F1,20171003,12:10,24112,24115,24108.6,24115,800
BANKNIFTY_F1,20171003,12:11,24110,24112,24108.5,24108.5,720
BANKNIFTY_F1,20171003,12:12,24108.5,24112,24108.3,24112,1440
BANKNIFTY_F1,20171003,12:13,24112,24112,24106.1,24111,880
BANKNIFTY_F1,20171003,12:14,24112.8,24112.8,24107.5,24107.5,520
BANKNIFTY_F1,20171003,12:15,24105,24107.3,24101,24101,1880
BANKNIFTY_F1,20171003,12:16,24100.3,24106.9,24100.3,24105,920
BANKNIFTY_F1,20171003,12:17,24108.1,24117.2,24108.1,24116,1120
BANKNIFTY_F1,20171003,12:18,24112.2,24118,24104.4,24104.5,920
BANKNIFTY_F1,20171003,12:19,24104.4,24110,24104.4,24105.2,640
BANKNIFTY_F1,20171003,12:20,24105.2,24108.5,24105,24105,1200
BANKNIFTY_F1,20171003,12:21,24107,24112.8,24102.4,24112.8,880
BANKNIFTY_F1,20171003,12:22,24110.6,24112,24105,24112,2120
BANKNIFTY_F1,20171003,12:23,24107.2,24112.3,24107.2,24112.3,1240
BANKNIFTY_F1,20171003,12:24,24112.3,24115.7,24111.9,24115.3,360
BANKNIFTY_F1,20171003,12:25,24117.2,24117.2,24111.9,24116.3,1160
BANKNIFTY_F1,20171003,12:26,24116.4,24118,24113.3,24118,320
BANKNIFTY_F1,20171003,12:27,24115.1,24120,24115.1,24120,560
BANKNIFTY_F1,20171003,12:28,24119.1,24128.8,24119.1,24128.8,1880
BANKNIFTY_F1,20171003,12:29,24125,24128.2,24125,24125,760
BANKNIFTY_F1,20171003,12:30,24122.2,24130,24122.2,24125,1480
BANKNIFTY_F1,20171003,12:31,24124.6,24125,24116.9,24118.7,1520
BANKNIFTY_F1,20171003,12:32,24118,24119.9,24117,24118,400
BANKNIFTY_F1,20171003,12:33,24120.2,24121,24116,24117,960
BANKNIFTY_F1,20171003,12:34,24115.2,24116.3,24110.1,24115,1160
BANKNIFTY_F1,20171003,12:35,24113.4,24115.8,24103.7,24103.7,3720
BANKNIFTY_F1,20171003,12:36,24104.9,24110.6,24102,24107.5,1880
BANKNIFTY_F1,20171003,12:37,24107.5,24109.2,24106.1,24108.3,440
BANKNIFTY_F1,20171003,12:38,24106,24107.9,24102.8,24104.9,880
BANKNIFTY_F1,20171003,12:39,24102.8,24111,24102.8,24108.9,560
BANKNIFTY_F1,20171003,12:40,24108,24110.2,24102.6,24110.2,840
BANKNIFTY_F1,20171003,12:41,24108.8,24115,24108.8,24114.4,1640
BANKNIFTY_F1,20171003,12:42,24115.8,24118,24115.8,24118,1240
BANKNIFTY_F1,20171003,12:43,24118,24120,24116.3,24116.3,600
BANKNIFTY_F1,20171003,12:44,24112.7,24118.1,24112.7,24118.1,680
BANKNIFTY_F1,20171003,12:45,24118.9,24124.9,24118.9,24124.9,1160
BANKNIFTY_F1,20171003,12:46,24123.7,24123.7,24120.2,24122,640
BANKNIFTY_F1,20171003,12:47,24121.9,24121.9,24118,24120.2,440
BANKNIFTY_F1,20171003,12:48,24120,24120,24117.1,24117.1,880
BANKNIFTY_F1,20171003,12:49,24118.9,24118.9,24116,24116,400
BANKNIFTY_F1,20171003,12:50,24116,24119.1,24109.2,24110.3,2040
BANKNIFTY_F1,20171003,12:51,24110.3,24116,24108,24116,1160
BANKNIFTY_F1,20171003,12:52,24112.7,24114.7,24112.7,24114.7,120
BANKNIFTY_F1,20171003,12:53,24113.2,24119.3,24112.3,24115.1,440
BANKNIFTY_F1,20171003,12:54,24118,24120.4,24118,24120.4,760
BANKNIFTY_F1,20171003,12:55,24120.6,24120.6,24115.4,24120,1760
BANKNIFTY_F1,20171003,12:56,24120,24120,24111.2,24113.3,480
BANKNIFTY_F1,20171003,12:57,24111.8,24111.8,24102.1,24106.1,1520
BANKNIFTY_F1,20171003,12:58,24103.9,24112,24103.9,24110,800
BANKNIFTY_F1,20171003,12:59,24112,24113.7,24112,24113.7,640
BANKNIFTY_F1,20171003,13:00,24111.3,24112.2,24106,24112,1320
BANKNIFTY_F1,20171003,13:01,24112.5,24114.2,24110,24110,320
BANKNIFTY_F1,20171003,13:02,24112.8,24114.8,24112.8,24114.8,200
BANKNIFTY_F1,20171003,13:03,24112.8,24112.8,24102.1,24104,3800
BANKNIFTY_F1,20171003,13:04,24104.9,24106,24104,24104.6,1160
BANKNIFTY_F1,20171003,13:05,24106.6,24106.6,24104,24104,880
BANKNIFTY_F1,20171003,13:06,24104,24108.9,24092.1,24092.1,4720
BANKNIFTY_F1,20171003,13:07,24080.6,24083.8,24060,24061.3,26080
BANKNIFTY_F1,20171003,13:08,24065.9,24070,24060.1,24066.6,7840
BANKNIFTY_F1,20171003,13:09,24070,24070,24065,24065.3,3080
BANKNIFTY_F1,20171003,13:10,24065.3,24088.9,24065.3,24086.1,5840
BANKNIFTY_F1,20171003,13:11,24085,24088,24075,24075,4040
BANKNIFTY_F1,20171003,13:12,24075,24082.6,24068.9,24079,6920
BANKNIFTY_F1,20171003,13:13,24081.7,24084.2,24071.2,24083,3000
BANKNIFTY_F1,20171003,13:14,24082.1,24082.1,24075.2,24076.1,1200
BANKNIFTY_F1,20171003,13:15,24079.3,24082,24075.4,24081,2440
BANKNIFTY_F1,20171003,13:16,24079,24080.1,24075,24080,2520
BANKNIFTY_F1,20171003,13:17,24079,24082,24077.6,24079.9,2600
BANKNIFTY_F1,20171003,13:18,24080,24080,24075,24078,840
BANKNIFTY_F1,20171003,13:19,24077,24085,24077,24085,2120
BANKNIFTY_F1,20171003,13:20,24082.1,24087,24081.4,24085,720
BANKNIFTY_F1,20171003,13:21,24084,24084,24073.4,24075.9,1400
BANKNIFTY_F1,20171003,13:22,24076,24078,24072,24072,640
BANKNIFTY_F1,20171003,13:23,24070.9,24070.9,24059.8,24065.1,4840
BANKNIFTY_F1,20171003,13:24,24064.1,24069,24064,24065,1400
BANKNIFTY_F1,20171003,13:25,24065,24068.4,24055.1,24055.1,3200
BANKNIFTY_F1,20171003,13:26,24054.6,24062.8,24053,24060.9,4280
BANKNIFTY_F1,20171003,13:27,24062.8,24066.8,24061.9,24061.9,1480
BANKNIFTY_F1,20171003,13:28,24061,24064.9,24054.2,24054.2,3480
BANKNIFTY_F1,20171003,13:29,24056.8,24056.8,24025.1,24030,27040
BANKNIFTY_F1,20171003,13:30,24029.4,24029.4,24015.2,24023,24920
BANKNIFTY_F1,20171003,13:31,24021.9,24056.6,24021.9,24051.6,27320
BANKNIFTY_F1,20171003,13:32,24049.9,24055,24047,24047,7320
BANKNIFTY_F1,20171003,13:33,24049.8,24055.2,24046.2,24055.2,4120
BANKNIFTY_F1,20171003,13:34,24053,24057,24040.2,24043.3,9400
BANKNIFTY_F1,20171003,13:35,24050.5,24056.2,24045.9,24048.1,6760
BANKNIFTY_F1,20171003,13:36,24045,24061.8,24028.4,24061.8,27000
BANKNIFTY_F1,20171003,13:37,24061.5,24074.7,24061.5,24070,15720
BANKNIFTY_F1,20171003,13:38,24072.9,24074,24065,24065,5360
BANKNIFTY_F1,20171003,13:39,24061.1,24065,24055.2,24055.2,6640
BANKNIFTY_F1,20171003,13:40,24060,24063.6,24059.7,24062.8,2600
BANKNIFTY_F1,20171003,13:41,24060,24062.8,24057,24057,1360
BANKNIFTY_F1,20171003,13:42,24056.6,24056.6,24041,24041,5400
BANKNIFTY_F1,20171003,13:43,24040.3,24053.7,24040.3,24053.3,3720
BANKNIFTY_F1,20171003,13:44,24050.2,24058.1,24044.1,24056.6,4640
BANKNIFTY_F1,20171003,13:45,24057.9,24062.8,24056.6,24061.8,1400
BANKNIFTY_F1,20171003,13:46,24063.4,24063.4,24055,24060,4360
BANKNIFTY_F1,20171003,13:47,24059,24061,24055,24058,1680
BANKNIFTY_F1,20171003,13:48,24060.6,24064,24055.3,24063.6,4320
BANKNIFTY_F1,20171003,13:49,24059,24081.3,24059,24064.8,13120
BANKNIFTY_F1,20171003,13:50,24065.4,24072.3,24063.1,24070.1,2680
BANKNIFTY_F1,20171003,13:51,24072.4,24072.4,24065,24068.2,440
BANKNIFTY_F1,20171003,13:52,24069.9,24069.9,24050.1,24060,9120
BANKNIFTY_F1,20171003,13:53,24060,24065.8,24057.5,24065,1920
BANKNIFTY_F1,20171003,13:54,24057.6,24057.9,24051.2,24051.2,760
BANKNIFTY_F1,20171003,13:55,24050.3,24054.8,24045,24053.4,2400
BANKNIFTY_F1,20171003,13:56,24053,24055,24050.4,24055,1640
BANKNIFTY_F1,20171003,13:57,24053.8,24060.1,24053.8,24060.1,1120
BANKNIFTY_F1,20171003,13:58,24059.7,24071,24059.7,24061.7,5360
BANKNIFTY_F1,20171003,13:59,24068.5,24068.5,24060,24065.9,2000
BANKNIFTY_F1,20171003,14:00,24064.1,24068.6,24058.9,24062,1840
BANKNIFTY_F1,20171003,14:01,24064.3,24064.3,24059.9,24062.2,840
BANKNIFTY_F1,20171003,14:02,24061.2,24065,24060.1,24062.8,760
BANKNIFTY_F1,20171003,14:03,24063.3,24064,24059.3,24059.3,360
BANKNIFTY_F1,20171003,14:04,24061.9,24061.9,24054.6,24056,4280
BANKNIFTY_F1,20171003,14:05,24057.9,24060.7,24047,24047,4840
BANKNIFTY_F1,20171003,14:06,24047,24057.3,24045,24057.3,3160
BANKNIFTY_F1,20171003,14:07,24055.1,24061,24053.3,24060.4,680
BANKNIFTY_F1,20171003,14:08,24062,24065,24058.6,24065,4160
BANKNIFTY_F1,20171003,14:09,24065,24068.9,24058.4,24062.1,1680
BANKNIFTY_F1,20171003,14:10,24064.1,24070,24063,24063,1600
BANKNIFTY_F1,20171003,14:11,24065.9,24065.9,24059.9,24064.3,2520
BANKNIFTY_F1,20171003,14:12,24060.1,24070,24055.4,24068,5800
BANKNIFTY_F1,20171003,14:13,24068.9,24070,24064.1,24066,2120
BANKNIFTY_F1,20171003,14:14,24069.8,24069.9,24064,24064,2120
BANKNIFTY_F1,20171003,14:15,24063.1,24065,24058.3,24059.8,2240
BANKNIFTY_F1,20171003,14:16,24059.8,24059.8,24048.9,24050,5440
BANKNIFTY_F1,20171003,14:17,24052,24062.7,24050.8,24057.8,3280
BANKNIFTY_F1,20171003,14:18,24060.9,24064.8,24058.4,24064,5760
BANKNIFTY_F1,20171003,14:19,24064.9,24065,24057.7,24063,920
BANKNIFTY_F1,20171003,14:20,24062.9,24062.9,24052,24054.8,1880
BANKNIFTY_F1,20171003,14:21,24056,24060,24055.3,24056.6,600
BANKNIFTY_F1,20171003,14:22,24057.1,24061.8,24055.1,24055.1,1040
BANKNIFTY_F1,20171003,14:23,24058.2,24060,24055.3,24059.9,640
BANKNIFTY_F1,20171003,14:24,24060,24065.2,24059.9,24064,4120
BANKNIFTY_F1,20171003,14:25,24064,24104.2,24064,24091.6,19720
BANKNIFTY_F1,20171003,14:26,24090.1,24121.9,24089.9,24117.9,20720
BANKNIFTY_F1,20171003,14:27,24118.3,24118.3,24098.3,24106,9600
BANKNIFTY_F1,20171003,14:28,24104.4,24129.9,24100.4,24128.7,10960
BANKNIFTY_F1,20171003,14:29,24122,24125,24105.5,24111.4,8280
BANKNIFTY_F1,20171003,14:30,24110,24111,24102.5,24105,2360
BANKNIFTY_F1,20171003,14:31,24103,24116.8,24103,24110.5,4920
BANKNIFTY_F1,20171003,14:32,24110.5,24134.9,24110.5,24130,15560
BANKNIFTY_F1,20171003,14:33,24129.9,24132.7,24121,24125,14000
BANKNIFTY_F1,20171003,14:34,24124.9,24124.9,24113.8,24113.8,2960
BANKNIFTY_F1,20171003,14:35,24118.8,24120,24106.2,24106.2,4680
BANKNIFTY_F1,20171003,14:36,24112.8,24120,24108.1,24114.9,2280
BANKNIFTY_F1,20171003,14:37,24113,24116,24108,24116,4000
BANKNIFTY_F1,20171003,14:38,24117.5,24124,24112,24112,4720
BANKNIFTY_F1,20171003,14:39,24112.1,24121,24112.1,24121,3240
BANKNIFTY_F1,20171003,14:40,24118,24120.9,24108,24110.1,4120
BANKNIFTY_F1,20171003,14:41,24109.3,24117.8,24109.3,24116,1720
BANKNIFTY_F1,20171003,14:42,24115,24115.7,24110,24110,1800
BANKNIFTY_F1,20171003,14:43,24103.1,24103.1,24058.6,24065.3,22920
BANKNIFTY_F1,20171003,14:44,24070,24086.9,24061.4,24070.9,13880
BANKNIFTY_F1,20171003,14:45,24072.9,24077,24064.9,24067.1,5760
BANKNIFTY_F1,20171003,14:46,24071.3,24074,24067.1,24070.3,6200
BANKNIFTY_F1,20171003,14:47,24074.2,24082,24074.2,24076.8,1680
BANKNIFTY_F1,20171003,14:48,24076.3,24082.6,24076.3,24077.8,1240
BANKNIFTY_F1,20171003,14:49,24080,24080,24069.2,24069.2,1440
BANKNIFTY_F1,20171003,14:50,24068,24074.4,24065,24073.1,1720
BANKNIFTY_F1,20171003,14:51,24076,24078.2,24074.9,24077,1640
BANKNIFTY_F1,20171003,14:52,24077,24080,24063.1,24067.1,5280
BANKNIFTY_F1,20171003,14:53,24067.4,24080.7,24066.7,24074.5,4720
BANKNIFTY_F1,20171003,14:54,24077.9,24082.9,24073.9,24075,2840
BANKNIFTY_F1,20171003,14:55,24076.3,24085,24076.3,24085,1480
BANKNIFTY_F1,20171003,14:56,24080,24105,24080,24099.1,13280
BANKNIFTY_F1,20171003,14:57,24105.4,24119,24105.4,24110.1,10400
BANKNIFTY_F1,20171003,14:58,24109.9,24115.8,24091.8,24101,6920
BANKNIFTY_F1,20171003,14:59,24102.5,24115,24096.6,24100,6720
BANKNIFTY_F1,20171003,15:00,24099.1,24100.6,24080,24086.8,4240
BANKNIFTY_F1,20171003,15:01,24083.4,24096.8,24082,24090,11080
BANKNIFTY_F1,20171003,15:02,24089.3,24104.9,24089.3,24102,4120
BANKNIFTY_F1,20171003,15:03,24102,24105,24094,24103.9,2840
BANKNIFTY_F1,20171003,15:04,24100.9,24108,24098.6,24104,3400
BANKNIFTY_F1,20171003,15:05,24104.9,24108,24100,24100,5040
BANKNIFTY_F1,20171003,15:06,24108.1,24110.7,24100.1,24107.1,4880
BANKNIFTY_F1,20171003,15:07,24106.9,24110,24102.8,24108.4,2840
BANKNIFTY_F1,20171003,15:08,24108.4,24121,24108,24113.3,8880
BANKNIFTY_F1,20171003,15:09,24114.3,24119.1,24105.1,24105.1,4120
BANKNIFTY_F1,20171003,15:10,24108.1,24114.9,24099,24099,5440
BANKNIFTY_F1,20171003,15:11,24100,24114.6,24100,24102.6,10680
BANKNIFTY_F1,20171003,15:12,24102.6,24110,24100,24106,9120
BANKNIFTY_F1,20171003,15:13,24106,24113.3,24099.9,24113.3,5920
BANKNIFTY_F1,20171003,15:14,24113.3,24113.3,24103,24104.1,5160
BANKNIFTY_F1,20171003,15:15,24109.3,24114.2,24105,24114.1,6160
BANKNIFTY_F1,20171003,15:16,24110.2,24115,24107.3,24109.3,12280
BANKNIFTY_F1,20171003,15:17,24109.3,24115.5,24104.9,24114.8,9560
BANKNIFTY_F1,20171003,15:18,24115,24118.8,24110,24115,6880
BANKNIFTY_F1,20171003,15:19,24115.6,24118.8,24107.5,24112.2,7760
BANKNIFTY_F1,20171003,15:20,24112.9,24112.9,24105,24108,6560
BANKNIFTY_F1,20171003,15:21,24108,24115.8,24105.1,24106.8,16440
BANKNIFTY_F1,20171003,15:22,24108.5,24118.9,24105.9,24111.1,9560
BANKNIFTY_F1,20171003,15:23,24111.9,24119.9,24103.8,24103.8,16120
BANKNIFTY_F1,20171003,15:24,24101.3,24114.6,24101.1,24109.3,6280
BANKNIFTY_F1,20171003,15:25,24113.7,24118,24110.1,24115,8800
BANKNIFTY_F1,20171003,15:26,24117,24118.1,24109.9,24110,10040
BANKNIFTY_F1,20171003,15:27,24110,24113.7,24105.1,24106,9360
BANKNIFTY_F1,20171003,15:28,24107.1,24115.9,24107.1,24113.6,15480
BANKNIFTY_F1,20171003,15:29,24113,24120.9,24112.1,24120.9,17720
BANKNIFTY_F1,20171003,15:30,24121,24134.9,24115.3,24134.9,30280
BANKNIFTY_F1,20171003,15:31,24132,24132,24132,24132,40
BANKNIFTY_F1,20171003,16:31,24111.8,24111.8,24111.8,24111.8,1
BANKNIFTY_F1,20171004,09:16,24160,24160,24111.8,24140.7,19520
BANKNIFTY_F1,20171004,09:17,24140,24144.3,24095,24105.9,29040
BANKNIFTY_F1,20171004,09:18,24102.8,24102.8,24075.2,24080,22080
BANKNIFTY_F1,20171004,09:19,24080,24099,24080,24095,12120
BANKNIFTY_F1,20171004,09:20,24094.1,24108.6,24092.8,24095.1,10680
BANKNIFTY_F1,20171004,09:21,24100,24100,24072.1,24084.3,10800
BANKNIFTY_F1,20171004,09:22,24085.1,24086.9,24075.1,24083,8600
BANKNIFTY_F1,20171004,09:23,24082.8,24103.8,24075.3,24091.9,9520
BANKNIFTY_F1,20171004,09:24,24090,24105,24089.1,24100,5720
BANKNIFTY_F1,20171004,09:25,24104,24112.9,24100.3,24107,6800
BANKNIFTY_F1,20171004,09:26,24104.9,24108.2,24091.5,24091.5,4520
BANKNIFTY_F1,20171004,09:27,24091,24104.1,24091,24091.6,5760
BANKNIFTY_F1,20171004,09:28,24095.6,24104.7,24092,24100,5800
BANKNIFTY_F1,20171004,09:29,24097.1,24103.4,24095.4,24098.8,2720
BANKNIFTY_F1,20171004,09:30,24100,24104.4,24098.3,24103.6,1680
BANKNIFTY_F1,20171004,09:31,24100.3,24115,24100,24111.7,8040
BANKNIFTY_F1,20171004,09:32,24114,24125,24109.9,24125,5000
BANKNIFTY_F1,20171004,09:33,24121.9,24123.4,24108.6,24111.3,5880
BANKNIFTY_F1,20171004,09:34,24117.3,24120,24105.8,24117.9,5840
BANKNIFTY_F1,20171004,09:35,24116,24122.6,24107,24118.8,4040
BANKNIFTY_F1,20171004,09:36,24115,24135,24115,24120,8720
BANKNIFTY_F1,20171004,09:37,24123.6,24129.7,24120,24123.3,3480
BANKNIFTY_F1,20171004,09:38,24128.7,24132,24121.6,24124,4720
BANKNIFTY_F1,20171004,09:39,24125,24129,24120,24125.8,3840
BANKNIFTY_F1,20171004,09:40,24126.3,24126.3,24112.1,24117,4320
BANKNIFTY_F1,20171004,09:41,24115.9,24118.5,24109.1,24118.5,3440
BANKNIFTY_F1,20171004,09:42,24115.1,24117.9,24110.1,24110.1,1360
BANKNIFTY_F1,20171004,09:43,24110.1,24122,24110,24120,3640
BANKNIFTY_F1,20171004,09:44,24122.5,24126,24118,24124.1,4880
BANKNIFTY_F1,20171004,09:45,24123,24125.7,24120,24125.7,2280
BANKNIFTY_F1,20171004,09:46,24121.5,24124,24114,24121.8,2680
BANKNIFTY_F1,20171004,09:47,24120,24124.9,24118.9,24124.1,2120
BANKNIFTY_F1,20171004,09:48,24124.8,24125.1,24117.3,24120.9,5000
BANKNIFTY_F1,20171004,09:49,24120,24120.9,24112,24118.9,3760
BANKNIFTY_F1,20171004,09:50,24117,24123,24111.8,24117.9,3080
BANKNIFTY_F1,20171004,09:51,24117.9,24119,24115.3,24118.9,1240
BANKNIFTY_F1,20171004,09:52,24118.9,24123,24118.2,24120.2,1560
BANKNIFTY_F1,20171004,09:53,24122.3,24125,24122,24125,5040
BANKNIFTY_F1,20171004,09:54,24125,24130,24125,24127.5,1720
BANKNIFTY_F1,20171004,09:55,24128,24130,24125,24126,2320
BANKNIFTY_F1,20171004,09:56,24128.1,24130,24124,24124,1920
BANKNIFTY_F1,20171004,09:57,24120.9,24127.9,24118,24125.2,2080
BANKNIFTY_F1,20171004,09:58,24124.9,24128,24123.1,24126,1200
BANKNIFTY_F1,20171004,09:59,24126,24129,24118,24118.3,2200
BANKNIFTY_F1,20171004,10:00,24118,24122,24116.2,24122,2480
BANKNIFTY_F1,20171004,10:01,24122,24122.9,24118.7,24122.9,1520
BANKNIFTY_F1,20171004,10:02,24124,24144.8,24119.3,24144.8,10760
BANKNIFTY_F1,20171004,10:03,24153.8,24156.9,24134.3,24145.8,17120
BANKNIFTY_F1,20171004,10:04,24147.4,24175.1,24145.4,24162,25200
BANKNIFTY_F1,20171004,10:05,24162,24170.2,24141.1,24144.6,26480
BANKNIFTY_F1,20171004,10:06,24143.5,24150,24141.9,24147,11560
BANKNIFTY_F1,20171004,10:07,24146.3,24149,24139.2,24141.4,7480
BANKNIFTY_F1,20171004,10:08,24144.8,24144.8,24137.5,24138.1,3080
BANKNIFTY_F1,20171004,10:09,24141.9,24143.1,24135,24143.1,3440
BANKNIFTY_F1,20171004,10:10,24142.3,24145.1,24137.5,24145,2280
BANKNIFTY_F1,20171004,10:11,24145,24159.3,24142.3,24152.6,5480
BANKNIFTY_F1,20171004,10:12,24150.9,24157.2,24150.9,24151,1880
BANKNIFTY_F1,20171004,10:13,24154,24165,24152.4,24154,7120
BANKNIFTY_F1,20171004,10:14,24153.5,24163.3,24153.5,24163.3,4440
BANKNIFTY_F1,20171004,10:15,24163,24163,24153,24154,3040
BANKNIFTY_F1,20171004,10:16,24152,24160.3,24152,24159.9,6640
BANKNIFTY_F1,20171004,10:17,24160.2,24160.9,24152,24156.9,1840
BANKNIFTY_F1,20171004,10:18,24156.9,24158,24151,24156.9,1240
BANKNIFTY_F1,20171004,10:19,24153.4,24170,24153.4,24170,4880
BANKNIFTY_F1,20171004,10:20,24169.3,24180,24162.5,24162.5,18800
BANKNIFTY_F1,20171004,10:21,24162.4,24168.3,24156.2,24158,6840
BANKNIFTY_F1,20171004,10:22,24155.7,24164.3,24142.3,24142.3,18080
BANKNIFTY_F1,20171004,10:23,24142.3,24154.6,24142,24154.6,8000
BANKNIFTY_F1,20171004,10:24,24151.1,24159.6,24151.1,24157.4,2760
BANKNIFTY_F1,20171004,10:25,24154.3,24163,24152.3,24155.5,3800
BANKNIFTY_F1,20171004,10:26,24153.4,24159,24150.5,24153.4,2240
BANKNIFTY_F1,20171004,10:27,24153.4,24157,24153.4,24157,960
BANKNIFTY_F1,20171004,10:28,24157.7,24160,24152.7,24160,2600
BANKNIFTY_F1,20171004,10:29,24158,24165,24153.9,24163,3080
BANKNIFTY_F1,20171004,10:30,24165,24166.9,24161.1,24163.1,2640
BANKNIFTY_F1,20171004,10:31,24163.5,24166.5,24160,24163.8,4160
BANKNIFTY_F1,20171004,10:32,24161.8,24165,24158.5,24165,2800
BANKNIFTY_F1,20171004,10:33,24156,24161.9,24150.5,24150.5,7840
BANKNIFTY_F1,20171004,10:34,24154.7,24158.4,24147.1,24148.1,7520
BANKNIFTY_F1,20171004,10:35,24148.1,24151.1,24146.9,24149.9,4560
BANKNIFTY_F1,20171004,10:36,24149.9,24152,24147.1,24150,3400
BANKNIFTY_F1,20171004,10:37,24152,24154.9,24150,24154.9,720
BANKNIFTY_F1,20171004,10:38,24154.9,24156.7,24147,24148.9,3640
BANKNIFTY_F1,20171004,10:39,24147.2,24150,24146,24148,2320
BANKNIFTY_F1,20171004,10:40,24146.9,24157.3,24145.4,24157.3,3120
BANKNIFTY_F1,20171004,10:41,24158,24168,24157.3,24158.9,13960
BANKNIFTY_F1,20171004,10:42,24158.9,24161.8,24155.8,24155.8,2600
BANKNIFTY_F1,20171004,10:43,24155.8,24157,24155.8,24155.8,2160
BANKNIFTY_F1,20171004,10:44,24157,24157,24155.1,24155.1,1360
BANKNIFTY_F1,20171004,10:45,24153.7,24156.5,24152.8,24154.6,1400
BANKNIFTY_F1,20171004,10:46,24154.1,24156.9,24146.8,24146.8,1400
BANKNIFTY_F1,20171004,10:47,24146.3,24150.1,24145.3,24145.3,1200
BANKNIFTY_F1,20171004,10:48,24145,24145,24135,24142.7,9000
BANKNIFTY_F1,20171004,10:49,24140,24145,24137,24144,3240
BANKNIFTY_F1,20171004,10:50,24140.1,24140.1,24135,24140,2360
BANKNIFTY_F1,20171004,10:51,24140,24140.9,24135.5,24138,1320
BANKNIFTY_F1,20171004,10:52,24138,24138.9,24129.4,24130.8,4520
BANKNIFTY_F1,20171004,10:53,24132,24135,24131.1,24135,1720
BANKNIFTY_F1,20171004,10:54,24136.7,24139.9,24135,24136.1,760
BANKNIFTY_F1,20171004,10:55,24136.1,24138.9,24133.1,24133.1,680
BANKNIFTY_F1,20171004,10:56,24138,24142,24135.1,24141,1440
BANKNIFTY_F1,20171004,10:57,24138,24142.3,24135.7,24135.7,280
BANKNIFTY_F1,20171004,10:58,24137.1,24142.9,24135.3,24140,880
BANKNIFTY_F1,20171004,10:59,24140.9,24145,24138.9,24142.9,960
BANKNIFTY_F1,20171004,11:00,24142.7,24142.7,24136.1,24139,1720
BANKNIFTY_F1,20171004,11:01,24137,24142.3,24135,24137,3280
BANKNIFTY_F1,20171004,11:02,24139.9,24140.5,24135,24135.9,1520
BANKNIFTY_F1,20171004,11:03,24133.1,24136,24132.3,24136,1080
BANKNIFTY_F1,20171004,11:04,24133.3,24136,24133.3,24136,800
BANKNIFTY_F1,20171004,11:05,24136,24137,24134,24137,2440
BANKNIFTY_F1,20171004,11:06,24140,24141,24137,24138.8,2160
BANKNIFTY_F1,20171004,11:07,24136.9,24139.8,24135.1,24135.9,2040
BANKNIFTY_F1,20171004,11:08,24135.1,24141.9,24135,24141.9,2280
BANKNIFTY_F1,20171004,11:09,24142,24148,24142,24146.1,1600
BANKNIFTY_F1,20171004,11:10,24149.2,24152.4,24149.2,24150,1120
BANKNIFTY_F1,20171004,11:11,24147,24151,24147,24150.1,1120
BANKNIFTY_F1,20171004,11:12,24147.6,24150.9,24145.1,24146.1,2280
BANKNIFTY_F1,20171004,11:13,24149.9,24154.8,24146.2,24151,2440
BANKNIFTY_F1,20171004,11:14,24146.7,24154,24145.9,24145.9,1640
BANKNIFTY_F1,20171004,11:15,24150,24157.2,24150,24154.4,2120
BANKNIFTY_F1,20171004,11:16,24154,24155.9,24147.6,24151,1680
BANKNIFTY_F1,20171004,11:17,24152.9,24154.9,24148.8,24153,4240
BANKNIFTY_F1,20171004,11:18,24150,24150.2,24148.2,24150.2,560
BANKNIFTY_F1,20171004,11:19,24149.1,24154,24149.1,24151.3,1040
BANKNIFTY_F1,20171004,11:20,24150,24151.9,24146.3,24150,3640
BANKNIFTY_F1,20171004,11:21,24145,24149.8,24145,24145.4,720
BANKNIFTY_F1,20171004,11:22,24148,24148,24147.9,24148,360
BANKNIFTY_F1,20171004,11:23,24146.3,24148,24141.1,24143.9,2800
BANKNIFTY_F1,20171004,11:24,24140.2,24142.2,24139.8,24140,680
BANKNIFTY_F1,20171004,11:25,24140.1,24144,24139,24142,1760
BANKNIFTY_F1,20171004,11:26,24141.9,24143.6,24140,24140.4,1880
BANKNIFTY_F1,20171004,11:27,24140.4,24141,24140,24140,440
BANKNIFTY_F1,20171004,11:28,24142,24142,24141,24141.5,480
BANKNIFTY_F1,20171004,11:29,24142.4,24144.9,24142.3,24144.9,840
BANKNIFTY_F1,20171004,11:30,24144,24148,24144,24146.9,560
BANKNIFTY_F1,20171004,11:31,24148,24148.9,24145.1,24146.1,1280
BANKNIFTY_F1,20171004,11:32,24146.3,24150.1,24146.3,24150.1,1160
BANKNIFTY_F1,20171004,11:33,24148.9,24150.9,24145,24145.3,1440
BANKNIFTY_F1,20171004,11:34,24145.8,24148.6,24145.3,24146.1,480
BANKNIFTY_F1,20171004,11:35,24147,24147,24144,24144,600
BANKNIFTY_F1,20171004,11:36,24143.3,24143.3,24141,24142.1,2560
BANKNIFTY_F1,20171004,11:37,24142,24142,24135,24136.2,2440
BANKNIFTY_F1,20171004,11:38,24135,24142,24135,24142,2720
BANKNIFTY_F1,20171004,11:39,24142.1,24143.3,24139,24143.3,880
BANKNIFTY_F1,20171004,11:40,24144.7,24144.7,24141,24141,640
BANKNIFTY_F1,20171004,11:41,24141,24144.3,24135.1,24144.3,1960
BANKNIFTY_F1,20171004,11:42,24141.9,24155,24141.3,24154.4,2000
BANKNIFTY_F1,20171004,11:43,24156.4,24172,24156.4,24168.9,13280
BANKNIFTY_F1,20171004,11:44,24164.2,24169.1,24158,24160.4,4800
BANKNIFTY_F1,20171004,11:45,24159.1,24159.1,24154,24157.8,1840
BANKNIFTY_F1,20171004,11:46,24151,24154,24150.3,24154,2080
BANKNIFTY_F1,20171004,11:47,24153,24155,24150.7,24154,760
BANKNIFTY_F1,20171004,11:48,24154,24154,24151.9,24151.9,1080
BANKNIFTY_F1,20171004,11:49,24152,24152,24148.3,24151,880
BANKNIFTY_F1,20171004,11:50,24149.8,24155,24149.8,24154.9,640
BANKNIFTY_F1,20171004,11:51,24152,24156.9,24148.1,24148.1,1160
BANKNIFTY_F1,20171004,11:52,24148,24152,24147.8,24149,760
BANKNIFTY_F1,20171004,11:53,24150,24150.1,24144.1,24148.3,1680
BANKNIFTY_F1,20171004,11:54,24147.9,24149.2,24140.4,24141.1,2520
BANKNIFTY_F1,20171004,11:55,24144,24144,24139,24140.1,2480
BANKNIFTY_F1,20171004,11:56,24141.1,24149.6,24140.2,24149.6,1200
BANKNIFTY_F1,20171004,11:57,24149,24154.8,24148.1,24151.2,2400
BANKNIFTY_F1,20171004,11:58,24151.2,24151.2,24145.5,24150,1080
BANKNIFTY_F1,20171004,11:59,24149.1,24150,24142.8,24146,1920
BANKNIFTY_F1,20171004,12:00,24143.8,24149.6,24142.7,24144.3,840
BANKNIFTY_F1,20171004,12:01,24144.2,24148.1,24143.2,24143.2,560
BANKNIFTY_F1,20171004,12:02,24143.9,24145.8,24136.9,24138.6,2040
BANKNIFTY_F1,20171004,12:03,24140.1,24143,24138.3,24138.3,800
BANKNIFTY_F1,20171004,12:04,24139.9,24141.9,24139.1,24139.6,680
BANKNIFTY_F1,20171004,12:05,24140.9,24147.3,24136.3,24144.4,2120
BANKNIFTY_F1,20171004,12:06,24147,24147,24140,24140,1320
BANKNIFTY_F1,20171004,12:07,24141.3,24145.9,24140,24145.9,960
BANKNIFTY_F1,20171004,12:08,24146,24146,24140.6,24141,720
BANKNIFTY_F1,20171004,12:09,24143.1,24150,24141.2,24146.1,1160
BANKNIFTY_F1,20171004,12:10,24147.6,24148.8,24145,24148.8,600
BANKNIFTY_F1,20171004,12:11,24148.8,24148.8,24145.1,24146.6,320
BANKNIFTY_F1,20171004,12:12,24146.7,24153.7,24146.7,24153,1160
BANKNIFTY_F1,20171004,12:13,24153.1,24156,24150.3,24154,1280
BANKNIFTY_F1,20171004,12:14,24154.4,24155.4,24150.2,24152.6,1480
BANKNIFTY_F1,20171004,12:15,24155,24158,24152,24153.3,5480
BANKNIFTY_F1,20171004,12:16,24153.3,24156.1,24150.1,24153.7,1440
BANKNIFTY_F1,20171004,12:17,24153.9,24153.9,24150.5,24153.4,480
BANKNIFTY_F1,20171004,12:18,24153.4,24153.4,24145.1,24147,7720
BANKNIFTY_F1,20171004,12:19,24149.1,24152.9,24145,24148.1,1800
BANKNIFTY_F1,20171004,12:20,24152.9,24153,24144.8,24150,2800
BANKNIFTY_F1,20171004,12:21,24148,24152,24147.1,24152,3840
BANKNIFTY_F1,20171004,12:22,24155,24155.7,24151.1,24151.1,1640
BANKNIFTY_F1,20171004,12:23,24152,24154.8,24152,24154.7,1640
BANKNIFTY_F1,20171004,12:24,24154.2,24154.2,24148.5,24152.9,7600
BANKNIFTY_F1,20171004,12:25,24150,24155,24147.4,24154.7,2680
BANKNIFTY_F1,20171004,12:26,24154.9,24155.4,24152.1,24152.1,520
BANKNIFTY_F1,20171004,12:27,24154,24155.5,24153,24155.1,720
BANKNIFTY_F1,20171004,12:28,24154.7,24154.7,24152,24152.4,560
BANKNIFTY_F1,20171004,12:29,24154.8,24155,24150,24152.1,1360
BANKNIFTY_F1,20171004,12:30,24152,24152,24146.1,24150.1,1160
BANKNIFTY_F1,20171004,12:31,24149.8,24155,24148,24150,3520
BANKNIFTY_F1,20171004,12:32,24150,24151.8,24149.9,24149.9,1400
BANKNIFTY_F1,20171004,12:33,24147.6,24167,24147.6,24165.6,16080
BANKNIFTY_F1,20171004,12:34,24165.1,24170.3,24161.1,24163,9600
BANKNIFTY_F1,20171004,12:35,24163.9,24166.1,24158.8,24162.5,2560
BANKNIFTY_F1,20171004,12:36,24159.6,24163.7,24153.9,24153.9,2680
BANKNIFTY_F1,20171004,12:37,24154.4,24160.3,24154.4,24160.3,2000
BANKNIFTY_F1,20171004,12:38,24160.4,24162.3,24157.6,24158.7,2000
BANKNIFTY_F1,20171004,12:39,24157.9,24160.1,24157.9,24159.9,600
BANKNIFTY_F1,20171004,12:40,24161.1,24164,24158.7,24163.9,880
BANKNIFTY_F1,20171004,12:41,24161.1,24164.9,24160.1,24161.2,1040
BANKNIFTY_F1,20171004,12:42,24164,24164,24161.3,24164,760
BANKNIFTY_F1,20171004,12:43,24161.5,24161.7,24160,24160,1120
BANKNIFTY_F1,20171004,12:44,24160,24161,24158.1,24158.1,1040
BANKNIFTY_F1,20171004,12:45,24158.9,24159.9,24155.1,24157.3,2280
BANKNIFTY_F1,20171004,12:46,24158,24160.4,24157.9,24160.3,1320
BANKNIFTY_F1,20171004,12:47,24160.8,24164.9,24160.4,24163,1400
BANKNIFTY_F1,20171004,12:48,24161.1,24164.7,24161.1,24162.7,1120
BANKNIFTY_F1,20171004,12:49,24162.6,24165,24160.7,24163.1,1120
BANKNIFTY_F1,20171004,12:50,24162.9,24164.9,24160.3,24164.9,1200
BANKNIFTY_F1,20171004,12:51,24163.2,24166.2,24160.3,24160.6,3080
BANKNIFTY_F1,20171004,12:52,24160.6,24160.9,24155.7,24157,2560
BANKNIFTY_F1,20171004,12:53,24157,24157,24143,24146.8,5960
BANKNIFTY_F1,20171004,12:54,24145.7,24151.1,24143,24149.8,1640
BANKNIFTY_F1,20171004,12:55,24148.3,24149.9,24143,24149.9,3720
BANKNIFTY_F1,20171004,12:56,24148.6,24152,24147.9,24151.2,2920
BANKNIFTY_F1,20171004,12:57,24151.3,24152.4,24151.3,24152.4,800
BANKNIFTY_F1,20171004,12:58,24152.4,24152.4,24145.3,24145.3,2640
BANKNIFTY_F1,20171004,12:59,24145.1,24150.1,24144.4,24147.2,2400
BANKNIFTY_F1,20171004,13:00,24150.4,24151.8,24147.1,24148.3,800
BANKNIFTY_F1,20171004,13:01,24150,24152.9,24147.1,24150.1,1800
BANKNIFTY_F1,20171004,13:02,24147.1,24154.6,24147.1,24152,2040
BANKNIFTY_F1,20171004,13:03,24152,24153,24151,24151.1,640
BANKNIFTY_F1,20171004,13:04,24153.8,24153.8,24144.9,24148.8,2960
BANKNIFTY_F1,20171004,13:05,24150.3,24150.3,24147.7,24150,640
BANKNIFTY_F1,20171004,13:06,24150,24150,24146.3,24146.3,1280
BANKNIFTY_F1,20171004,13:07,24149.4,24153.4,24149.4,24149.6,1880
BANKNIFTY_F1,20171004,13:08,24149.4,24151.1,24147.2,24150.3,600
BANKNIFTY_F1,20171004,13:09,24150.3,24152,24146,24150,2760
BANKNIFTY_F1,20171004,13:10,24149.9,24150,24145.5,24149.7,600
BANKNIFTY_F1,20171004,13:11,24148.2,24149.7,24145,24146.6,1800
BANKNIFTY_F1,20171004,13:12,24148.8,24149.5,24145.2,24146.2,2480
BANKNIFTY_F1,20171004,13:13,24146.2,24148,24145.2,24145.2,1080
BANKNIFTY_F1,20171004,13:14,24146.1,24147.3,24141.3,24142.2,2320
BANKNIFTY_F1,20171004,13:15,24145,24148,24142.4,24146,1360
BANKNIFTY_F1,20171004,13:16,24146.8,24152,24146.8,24150.2,2600
BANKNIFTY_F1,20171004,13:17,24150,24157,24148.6,24155.1,1960
BANKNIFTY_F1,20171004,13:18,24158.8,24158.8,24153.2,24154.1,2680
BANKNIFTY_F1,20171004,13:19,24153.7,24154,24150,24151.8,960
BANKNIFTY_F1,20171004,13:20,24150.3,24152.9,24150,24152,1840
BANKNIFTY_F1,20171004,13:21,24151.4,24153.2,24150.7,24152.1,960
BANKNIFTY_F1,20171004,13:22,24152.1,24160,24152.1,24160,3600
BANKNIFTY_F1,20171004,13:23,24160,24160,24155.2,24155.8,2240
BANKNIFTY_F1,20171004,13:24,24154.9,24159.5,24152.1,24158.4,480
BANKNIFTY_F1,20171004,13:25,24154.6,24159.2,24151.8,24158.3,1960
BANKNIFTY_F1,20171004,13:26,24157.9,24157.9,24151,24155.1,840
BANKNIFTY_F1,20171004,13:27,24155.1,24155.1,24153.4,24153.8,1680
BANKNIFTY_F1,20171004,13:28,24154,24158,24151.4,24157.1,1520
BANKNIFTY_F1,20171004,13:29,24157.1,24158,24155,24156.6,2680
BANKNIFTY_F1,20171004,13:30,24156.7,24161,24155.9,24156.1,1600
BANKNIFTY_F1,20171004,13:31,24158,24162,24158,24162,2800
BANKNIFTY_F1,20171004,13:32,24161.6,24165,24161.5,24161.5,2680
BANKNIFTY_F1,20171004,13:33,24163,24164.9,24154.2,24155.8,3480
BANKNIFTY_F1,20171004,13:34,24152.6,24159.5,24152,24159.5,2480
BANKNIFTY_F1,20171004,13:35,24160,24165,24160,24161.9,2280
BANKNIFTY_F1,20171004,13:36,24162,24163.7,24158.7,24159.9,840
BANKNIFTY_F1,20171004,13:37,24161,24161,24156,24156.1,1000
BANKNIFTY_F1,20171004,13:38,24155,24158.4,24152.1,24152.1,1600
BANKNIFTY_F1,20171004,13:39,24152.1,24155.3,24152.1,24152.3,760
BANKNIFTY_F1,20171004,13:40,24153.9,24156.6,24152.3,24153.3,880
BANKNIFTY_F1,20171004,13:41,24153.6,24158.6,24153.3,24157,2760
BANKNIFTY_F1,20171004,13:42,24157,24160,24153.3,24158,3320
BANKNIFTY_F1,20171004,13:43,24159,24159,24155.1,24155.1,1760
BANKNIFTY_F1,20171004,13:44,24156.1,24158.5,24155,24158.1,1760
BANKNIFTY_F1,20171004,13:45,24158.7,24161.3,24157,24160,4160
BANKNIFTY_F1,20171004,13:46,24160,24163,24160,24160,2160
BANKNIFTY_F1,20171004,13:47,24160,24161.8,24156,24161.8,2200
BANKNIFTY_F1,20171004,13:48,24160,24161.6,24158,24159.9,920
BANKNIFTY_F1,20171004,13:49,24159,24160,24158,24160,1080
BANKNIFTY_F1,20171004,13:50,24160.8,24161.9,24158.1,24158.2,1960
BANKNIFTY_F1,20171004,13:51,24160,24161,24158.2,24159,640
BANKNIFTY_F1,20171004,13:52,24159,24160,24158,24158.1,2440
BANKNIFTY_F1,20171004,13:53,24159.7,24160.7,24158.1,24159,1880
BANKNIFTY_F1,20171004,13:54,24159,24159.9,24157,24157.5,1560
BANKNIFTY_F1,20171004,13:55,24157,24157,24110.9,24110.9,30280
BANKNIFTY_F1,20171004,13:56,24107,24140.8,24105,24138.9,23320
BANKNIFTY_F1,20171004,13:57,24140,24148,24134,24140,4800
BANKNIFTY_F1,20171004,13:58,24136.3,24138,24132.3,24135.9,4080
BANKNIFTY_F1,20171004,13:59,24135,24146,24135,24140.1,4880
BANKNIFTY_F1,20171004,14:00,24142,24143.1,24140,24140,1160
BANKNIFTY_F1,20171004,14:01,24142,24142,24136.7,24139,2480
BANKNIFTY_F1,20171004,14:02,24138.1,24142,24125,24125,5880
BANKNIFTY_F1,20171004,14:03,24130,24135.9,24125,24130,4400
BANKNIFTY_F1,20171004,14:04,24132.9,24137.3,24130,24130.1,3560
BANKNIFTY_F1,20171004,14:05,24130.1,24138.2,24130.1,24138.2,4120
BANKNIFTY_F1,20171004,14:06,24137.3,24140,24135.1,24135.1,1920
BANKNIFTY_F1,20171004,14:07,24139.8,24140,24133.8,24133.8,1680
BANKNIFTY_F1,20171004,14:08,24133,24138,24132,24135,1520
BANKNIFTY_F1,20171004,14:09,24134,24138,24131.2,24135,3120
BANKNIFTY_F1,20171004,14:10,24133.2,24135,24131,24131.4,2240
BANKNIFTY_F1,20171004,14:11,24134.9,24138,24132,24132,2600
BANKNIFTY_F1,20171004,14:12,24130.3,24132,24130,24130,7400
BANKNIFTY_F1,20171004,14:13,24127.2,24133.9,24127.2,24131.7,4600
BANKNIFTY_F1,20171004,14:14,24130,24135,24130,24133.1,3320
BANKNIFTY_F1,20171004,14:15,24136,24139.9,24134.1,24135.8,4880
BANKNIFTY_F1,20171004,14:16,24136.5,24137,24125,24126.9,11760
BANKNIFTY_F1,20171004,14:17,24126,24134.4,24126,24130.3,3600
BANKNIFTY_F1,20171004,14:18,24132,24139.2,24128.5,24138.4,4680
BANKNIFTY_F1,20171004,14:19,24138.2,24141.5,24136,24141.5,3120
BANKNIFTY_F1,20171004,14:20,24141.5,24149.9,24139.9,24148.9,5440
BANKNIFTY_F1,20171004,14:21,24149.9,24167,24149.9,24160.7,17040
BANKNIFTY_F1,20171004,14:22,24162,24165,24158,24158,7560
BANKNIFTY_F1,20171004,14:23,24158,24161,24156.1,24157.5,3120
BANKNIFTY_F1,20171004,14:24,24155.1,24158.8,24150,24155.1,3480
BANKNIFTY_F1,20171004,14:25,24150.4,24160.9,24150,24150,7160
BANKNIFTY_F1,20171004,14:26,24156,24158,24150.2,24150.2,1960
BANKNIFTY_F1,20171004,14:27,24150,24155,24106.1,24111,20040
BANKNIFTY_F1,20171004,14:28,24115.2,24140,24115.2,24137,11880
BANKNIFTY_F1,20171004,14:29,24138,24140,24128.3,24139,8600
BANKNIFTY_F1,20171004,14:30,24138,24172.9,24137.1,24144.1,25280
BANKNIFTY_F1,20171004,14:31,24150,24165,24088.3,24116.8,117280
BANKNIFTY_F1,20171004,14:32,24115.6,24155,24107.9,24154,43440
BANKNIFTY_F1,20171004,14:33,24150,24150,24120.6,24131.9,20240
BANKNIFTY_F1,20171004,14:34,24128.9,24128.9,24066,24080,67920
BANKNIFTY_F1,20171004,14:35,24082.3,24098.6,24079.6,24088.8,35600
BANKNIFTY_F1,20171004,14:36,24089.3,24113.9,24089.3,24107.4,32320
BANKNIFTY_F1,20171004,14:37,24104.8,24131.6,24104.8,24120.1,32360
BANKNIFTY_F1,20171004,14:38,24120,24146.9,24120,24142.1,22840
BANKNIFTY_F1,20171004,14:39,24136.1,24149.9,24132.8,24140.9,36680
BANKNIFTY_F1,20171004,14:40,24140.3,24198,24140.3,24184.2,97800
BANKNIFTY_F1,20171004,14:41,24184.8,24227,24184.8,24210.4,125880
BANKNIFTY_F1,20171004,14:42,24206,24217.7,24190.1,24217.6,56880
BANKNIFTY_F1,20171004,14:43,24217.8,24252.4,24215,24252.4,78680
BANKNIFTY_F1,20171004,14:44,24252.5,24252.5,24226,24234,75520
BANKNIFTY_F1,20171004,14:45,24231.7,24249,24229.6,24230.7,68360
BANKNIFTY_F1,20171004,14:46,24233.4,24250,24225.9,24245,49160
BANKNIFTY_F1,20171004,14:47,24243.9,24260,24239.4,24240.4,60000
BANKNIFTY_F1,20171004,14:48,24240.4,24242.1,24203.3,24210,38400
BANKNIFTY_F1,20171004,14:49,24206.3,24211,24187.1,24211,34440
BANKNIFTY_F1,20171004,14:50,24209.5,24224,24208,24215,17520
BANKNIFTY_F1,20171004,14:51,24213.6,24225,24210,24217.1,15080
BANKNIFTY_F1,20171004,14:52,24220,24220,24198.8,24198.8,14920
BANKNIFTY_F1,20171004,14:53,24198.8,24204.9,24191.1,24204.1,12600
BANKNIFTY_F1,20171004,14:54,24201.8,24218,24201.8,24204.9,14160
BANKNIFTY_F1,20171004,14:55,24204.9,24213.8,24202.9,24205.8,5320
BANKNIFTY_F1,20171004,14:56,24205.7,24224.9,24205.3,24224.9,10120
BANKNIFTY_F1,20171004,14:57,24224.9,24229.6,24216.9,24220,10840
BANKNIFTY_F1,20171004,14:58,24220,24227.6,24212.4,24216.1,3920
BANKNIFTY_F1,20171004,14:59,24216.1,24223.3,24211.8,24215,6480
BANKNIFTY_F1,20171004,15:00,24217.1,24225,24214,24225,11760
BANKNIFTY_F1,20171004,15:01,24225,24237,24216.4,24220.8,24200
BANKNIFTY_F1,20171004,15:02,24216.1,24218,24210,24217.9,15640
BANKNIFTY_F1,20171004,15:03,24213,24217,24202.3,24205.2,19360
BANKNIFTY_F1,20171004,15:04,24211.9,24215.1,24204,24204.1,11040
BANKNIFTY_F1,20171004,15:05,24204.1,24212.8,24200,24200,12400
BANKNIFTY_F1,20171004,15:06,24200,24203.9,24182.2,24193.1,19840
BANKNIFTY_F1,20171004,15:07,24196.4,24196.4,24156.6,24167.6,29520
BANKNIFTY_F1,20171004,15:08,24165.1,24171,24156,24158,37280
BANKNIFTY_F1,20171004,15:09,24156,24171.3,24142.1,24145.7,51920
BANKNIFTY_F1,20171004,15:10,24145.7,24155,24132,24135.3,31640
BANKNIFTY_F1,20171004,15:11,24136.2,24138.3,24091.1,24091.1,45000
BANKNIFTY_F1,20171004,15:12,24088.8,24110.1,24088.8,24105.4,38520
BANKNIFTY_F1,20171004,15:13,24107.9,24119,24101,24112.1,26440
BANKNIFTY_F1,20171004,15:14,24113.8,24129.9,24110,24121.8,31760
BANKNIFTY_F1,20171004,15:15,24121.8,24126.8,24113.8,24119.9,16160
BANKNIFTY_F1,20171004,15:16,24120,24120,24102,24102.8,23080
BANKNIFTY_F1,20171004,15:17,24101.7,24120.1,24092.3,24114.8,28880
BANKNIFTY_F1,20171004,15:18,24117.4,24128,24110,24124.8,27240
BANKNIFTY_F1,20171004,15:19,24128.9,24128.9,24112.1,24117.9,19240
BANKNIFTY_F1,20171004,15:20,24115.2,24126.8,24115.1,24119.6,17600
BANKNIFTY_F1,20171004,15:21,24118.3,24120.9,24109.7,24118.3,13280
BANKNIFTY_F1,20171004,15:22,24116.9,24135.1,24115.2,24134,24360
BANKNIFTY_F1,20171004,15:23,24131.8,24146.8,24129.5,24146.8,23760
BANKNIFTY_F1,20171004,15:24,24145,24151.2,24140,24150.2,25280
BANKNIFTY_F1,20171004,15:25,24150.2,24151.1,24145,24145,16560
BANKNIFTY_F1,20171004,15:26,24144.9,24155,24143,24155,14880
BANKNIFTY_F1,20171004,15:27,24155.1,24161.7,24155.1,24160,18480
BANKNIFTY_F1,20171004,15:28,24159.9,24164,24159.9,24161.9,20680
BANKNIFTY_F1,20171004,15:29,24160.6,24161.9,24158,24161.3,19560
BANKNIFTY_F1,20171004,15:30,24161,24169,24158.1,24159.9,22960
BANKNIFTY_F1,20171004,15:31,24160,24160,24160,24160,160
BANKNIFTY_F1,20171004,16:50,24145.4,24145.4,24145.4,24145.4,1
BANKNIFTY_F1,20171005,09:16,24146.1,24149.4,24016,24099.8,88400
BANKNIFTY_F1,20171005,09:17,24100.1,24126.9,24100.1,24120,24320
BANKNIFTY_F1,20171005,09:18,24120.1,24130,24115,24123,14320
BANKNIFTY_F1,20171005,09:19,24122.7,24130,24113.8,24120,12680
BANKNIFTY_F1,20171005,09:20,24122.1,24130,24119.9,24127.7,6800
BANKNIFTY_F1,20171005,09:21,24126.3,24128.6,24110,24111.1,15960
BANKNIFTY_F1,20171005,09:22,24113.1,24125,24108,24117.3,8200
BANKNIFTY_F1,20171005,09:23,24120,24138.1,24120,24138.1,5480
BANKNIFTY_F1,20171005,09:24,24139,24166.7,24131.1,24164,23160
BANKNIFTY_F1,20171005,09:25,24165,24165,24155.1,24160.6,10160
BANKNIFTY_F1,20171005,09:26,24160,24166.3,24155.2,24157.1,11960
BANKNIFTY_F1,20171005,09:27,24159,24163.1,24150,24163.1,13640
BANKNIFTY_F1,20171005,09:28,24161.9,24175,24153,24174.9,10400
BANKNIFTY_F1,20171005,09:29,24174.9,24175.6,24158.3,24163,6560
BANKNIFTY_F1,20171005,09:30,24164,24174.9,24160,24174,6760
BANKNIFTY_F1,20171005,09:31,24174.9,24188.5,24167.1,24185.1,19160
BANKNIFTY_F1,20171005,09:32,24185.1,24188.8,24174.9,24177,10520
BANKNIFTY_F1,20171005,09:33,24177,24177,24170,24170,11840
BANKNIFTY_F1,20171005,09:34,24170,24173.8,24167.1,24169.9,4720
BANKNIFTY_F1,20171005,09:35,24164.8,24166,24155,24160.5,9440
BANKNIFTY_F1,20171005,09:36,24160,24167,24160,24165.2,4160
BANKNIFTY_F1,20171005,09:37,24167.6,24170,24163,24168,2920
BANKNIFTY_F1,20171005,09:38,24166,24166.2,24160,24165.2,5200
BANKNIFTY_F1,20171005,09:39,24166.1,24169.8,24161.1,24161.1,2320
BANKNIFTY_F1,20171005,09:40,24161.1,24165,24161,24163,1920
BANKNIFTY_F1,20171005,09:41,24163,24173,24162.1,24172,3720
BANKNIFTY_F1,20171005,09:42,24172.9,24174.9,24170,24170,5880
BANKNIFTY_F1,20171005,09:43,24170,24175,24170,24171.7,5040
BANKNIFTY_F1,20171005,09:44,24171.7,24186.8,24170.4,24182,13560
BANKNIFTY_F1,20171005,09:45,24182,24187.7,24177,24177.1,5720
BANKNIFTY_F1,20171005,09:46,24179.9,24185,24179.9,24180.4,2920
BANKNIFTY_F1,20171005,09:47,24177.3,24181,24171,24172.1,5040
BANKNIFTY_F1,20171005,09:48,24175.9,24176,24170,24173,5240
BANKNIFTY_F1,20171005,09:49,24171,24175.8,24170.2,24175,2080
BANKNIFTY_F1,20171005,09:50,24176,24185,24175.5,24182.3,4520
BANKNIFTY_F1,20171005,09:51,24184.9,24198,24182.5,24194,11120
BANKNIFTY_F1,20171005,09:52,24193.6,24193.6,24184.9,24185,21760
BANKNIFTY_F1,20171005,09:53,24187,24188.9,24182,24184.7,4680
BANKNIFTY_F1,20171005,09:54,24185.1,24200,24185.1,24195,9960
BANKNIFTY_F1,20171005,09:55,24195,24195,24180,24188.3,5720
BANKNIFTY_F1,20171005,09:56,24189.9,24191.2,24184.6,24189.5,3920
BANKNIFTY_F1,20171005,09:57,24192.3,24196.2,24186.8,24194.3,7280
BANKNIFTY_F1,20171005,09:58,24191.1,24198.7,24191.1,24195.1,5000
BANKNIFTY_F1,20171005,09:59,24194.1,24206.4,24194.1,24203.3,20200
BANKNIFTY_F1,20171005,10:00,24201.8,24202.9,24199.5,24202.9,17400
BANKNIFTY_F1,20171005,10:01,24201.1,24217.6,24200,24212,18160
BANKNIFTY_F1,20171005,10:02,24210,24220,24209.4,24220,14680
BANKNIFTY_F1,20171005,10:03,24221.6,24230,24213.7,24221.9,22120
BANKNIFTY_F1,20171005,10:04,24223.3,24236.7,24221.4,24227.8,18120
BANKNIFTY_F1,20171005,10:05,24230,24232.9,24219.6,24230,10480
BANKNIFTY_F1,20171005,10:06,24227.7,24231.2,24221.3,24229.9,13160
BANKNIFTY_F1,20171005,10:07,24229,24230,24220.2,24221.1,7000
BANKNIFTY_F1,20171005,10:08,24222.7,24224.3,24218.3,24221,7400
BANKNIFTY_F1,20171005,10:09,24219.9,24223,24208,24208,6920
BANKNIFTY_F1,20171005,10:10,24207.7,24211.3,24195.5,24195.5,15200
BANKNIFTY_F1,20171005,10:11,24195.6,24197.8,24188.7,24188.7,39640
BANKNIFTY_F1,20171005,10:12,24189.9,24203,24184.2,24200,27160
BANKNIFTY_F1,20171005,10:13,24201.1,24209,24200.1,24207,4160
BANKNIFTY_F1,20171005,10:14,24206,24211,24205.7,24211,3680
BANKNIFTY_F1,20171005,10:15,24211,24211,24205,24205.4,1920
BANKNIFTY_F1,20171005,10:16,24205.8,24212,24204.8,24212,4320
BANKNIFTY_F1,20171005,10:17,24211.1,24211.1,24202.4,24202.4,3440
BANKNIFTY_F1,20171005,10:18,24203.8,24204,24194.1,24194.1,3800
BANKNIFTY_F1,20171005,10:19,24195,24197.5,24190.6,24193,2120
BANKNIFTY_F1,20171005,10:20,24193,24198,24190.6,24197.6,1400
BANKNIFTY_F1,20171005,10:21,24196.9,24197.2,24192.8,24196,1840
BANKNIFTY_F1,20171005,10:22,24196.1,24200,24196.1,24199.9,3800
BANKNIFTY_F1,20171005,10:23,24198.5,24201,24196,24200,3760
BANKNIFTY_F1,20171005,10:24,24197,24201,24192.9,24197,6920
BANKNIFTY_F1,20171005,10:25,24196.3,24197,24192.7,24193.8,1160
BANKNIFTY_F1,20171005,10:26,24192.9,24192.9,24188.4,24190.1,3000
BANKNIFTY_F1,20171005,10:27,24191.1,24194.3,24188.5,24188.5,1960
BANKNIFTY_F1,20171005,10:28,24188.5,24189.8,24175.1,24178,7600
BANKNIFTY_F1,20171005,10:29,24177.3,24183.9,24177,24180.4,3000
BANKNIFTY_F1,20171005,10:30,24180.3,24182.1,24174,24176.6,7840
BANKNIFTY_F1,20171005,10:31,24177,24179.3,24170,24170,6400
BANKNIFTY_F1,20171005,10:32,24170,24170.1,24152.1,24155.3,17600
BANKNIFTY_F1,20171005,10:33,24155.6,24157.4,24138.3,24138.3,27360
BANKNIFTY_F1,20171005,10:34,24137.6,24146,24130,24144,14040
BANKNIFTY_F1,20171005,10:35,24144,24154.9,24141.3,24150.3,5760
BANKNIFTY_F1,20171005,10:36,24152.9,24169.9,24152.9,24169.2,18440
BANKNIFTY_F1,20171005,10:37,24169.4,24174.1,24168.8,24171.6,26600
BANKNIFTY_F1,20171005,10:38,24172.2,24173.8,24164.1,24169,16680
BANKNIFTY_F1,20171005,10:39,24170,24176.6,24166.9,24176.6,17520
BANKNIFTY_F1,20171005,10:40,24176.6,24176.6,24162.3,24162.3,20720
BANKNIFTY_F1,20171005,10:41,24161.4,24161.8,24154.3,24157,3080
BANKNIFTY_F1,20171005,10:42,24157,24157,24140,24145,12520
BANKNIFTY_F1,20171005,10:43,24144.8,24154.7,24144,24149,8480
BANKNIFTY_F1,20171005,10:44,24150,24154,24141.2,24141.2,5120
BANKNIFTY_F1,20171005,10:45,24144.9,24152.9,24142.1,24152.9,5120
BANKNIFTY_F1,20171005,10:46,24151.4,24160.4,24150,24155.9,7000
BANKNIFTY_F1,20171005,10:47,24155.9,24157.5,24155.1,24156.9,2760
BANKNIFTY_F1,20171005,10:48,24157.2,24160,24155.3,24159.9,2840
BANKNIFTY_F1,20171005,10:49,24159.9,24165.1,24159.9,24165.1,3000
BANKNIFTY_F1,20171005,10:50,24164.4,24164.5,24157.6,24157.6,1760
BANKNIFTY_F1,20171005,10:51,24158.8,24161.9,24157.1,24159.9,1000
BANKNIFTY_F1,20171005,10:52,24159.9,24159.9,24154.8,24154.8,3360
BANKNIFTY_F1,20171005,10:53,24155.6,24159.5,24154,24159,1600
BANKNIFTY_F1,20171005,10:54,24157.2,24163,24157.2,24161.6,2080
BANKNIFTY_F1,20171005,10:55,24161.6,24166.7,24161.6,24166,1520
BANKNIFTY_F1,20171005,10:56,24166.7,24166.7,24157.9,24158,3080
BANKNIFTY_F1,20171005,10:57,24159.1,24163.9,24158.1,24161.3,2480
BANKNIFTY_F1,20171005,10:58,24161.1,24163.8,24159.8,24159.8,1160
BANKNIFTY_F1,20171005,10:59,24159.8,24159.8,24155.1,24155.3,1480
BANKNIFTY_F1,20171005,11:00,24155.1,24160.5,24154.6,24159.8,1920
BANKNIFTY_F1,20171005,11:01,24158.8,24158.8,24147.4,24147.4,2360
BANKNIFTY_F1,20171005,11:02,24145.9,24148.9,24142,24144.2,3600
BANKNIFTY_F1,20171005,11:03,24143.9,24150,24142.9,24150,1880
BANKNIFTY_F1,20171005,11:04,24150,24151.4,24149,24151.4,1120
BANKNIFTY_F1,20171005,11:05,24149,24149,24140,24146.1,4680
BANKNIFTY_F1,20171005,11:06,24146.1,24148.7,24131,24131,4760
BANKNIFTY_F1,20171005,11:07,24133,24148.2,24130,24148.2,8560
BANKNIFTY_F1,20171005,11:08,24147.6,24150,24143.9,24150,3400
BANKNIFTY_F1,20171005,11:09,24150,24154,24148.4,24153,2080
BANKNIFTY_F1,20171005,11:10,24153,24153.9,24145.6,24148.7,2200
BANKNIFTY_F1,20171005,11:11,24147.8,24150.2,24147.8,24149.1,1440
BANKNIFTY_F1,20171005,11:12,24150,24154,24150,24152.8,1680
BANKNIFTY_F1,20171005,11:13,24151.8,24151.8,24145,24145,1440
BANKNIFTY_F1,20171005,11:14,24143.8,24145,24139.3,24139.3,3840
BANKNIFTY_F1,20171005,11:15,24138.7,24144.8,24138.7,24141.8,2240
BANKNIFTY_F1,20171005,11:16,24142,24142,24130,24132.4,4040
BANKNIFTY_F1,20171005,11:17,24130,24140,24130,24140,2520
BANKNIFTY_F1,20171005,11:18,24139.9,24139.9,24122.2,24122.2,8480
BANKNIFTY_F1,20171005,11:19,24122.3,24131.8,24122.3,24127.5,7320
BANKNIFTY_F1,20171005,11:20,24132,24138.2,24130.3,24138.2,3440
BANKNIFTY_F1,20171005,11:21,24138.2,24138.2,24130.8,24134,3680
BANKNIFTY_F1,20171005,11:22,24136.3,24138,24130,24133,2760
BANKNIFTY_F1,20171005,11:23,24131.2,24135.3,24131.2,24134.1,2080
BANKNIFTY_F1,20171005,11:24,24134.2,24143.8,24134.2,24143.8,2800
BANKNIFTY_F1,20171005,11:25,24143.7,24144.4,24142,24142.2,1680
BANKNIFTY_F1,20171005,11:26,24144,24144.4,24142.4,24143,760
BANKNIFTY_F1,20171005,11:27,24143,24144.9,24143,24144.9,760
BANKNIFTY_F1,20171005,11:28,24147,24148.1,24145,24145,1920
BANKNIFTY_F1,20171005,11:29,24145,24151.5,24145,24149,1160
BANKNIFTY_F1,20171005,11:30,24154.2,24154.2,24137.5,24137.5,5920
BANKNIFTY_F1,20171005,11:31,24136.4,24144.7,24135.3,24144.7,1120
BANKNIFTY_F1,20171005,11:32,24142,24145,24140.1,24145,720
BANKNIFTY_F1,20171005,11:33,24145,24147.8,24140.1,24140.1,1400
BANKNIFTY_F1,20171005,11:34,24140.1,24143.6,24140.1,24140.1,400
BANKNIFTY_F1,20171005,11:35,24141,24141,24137.1,24140,1000
BANKNIFTY_F1,20171005,11:36,24141,24150,24141,24150,1480
BANKNIFTY_F1,20171005,11:37,24149.1,24152,24142,24142,2120
BANKNIFTY_F1,20171005,11:38,24142.2,24149,24142.2,24143,840
BANKNIFTY_F1,20171005,11:39,24143.7,24145.1,24141.9,24143,2800
BANKNIFTY_F1,20171005,11:40,24139.9,24142.9,24138,24138,1720
BANKNIFTY_F1,20171005,11:41,24141,24141,24135,24135,1360
BANKNIFTY_F1,20171005,11:42,24136.6,24141,24132.6,24136.3,4240
BANKNIFTY_F1,20171005,11:43,24135.7,24136.8,24131.6,24132,3120
BANKNIFTY_F1,20171005,11:44,24133,24133,24126.3,24131.2,5440
BANKNIFTY_F1,20171005,11:45,24129.7,24132,24126.5,24126.5,1920
BANKNIFTY_F1,20171005,11:46,24126,24130,24121.4,24127,7720
BANKNIFTY_F1,20171005,11:47,24124.6,24126.1,24116.1,24118.9,8160
BANKNIFTY_F1,20171005,11:48,24119.2,24125.9,24119.1,24124.8,4080
BANKNIFTY_F1,20171005,11:49,24124.9,24125,24117.6,24125,8160
BANKNIFTY_F1,20171005,11:50,24125,24133,24121.4,24130.3,9080
BANKNIFTY_F1,20171005,11:51,24131,24131,24123.4,24123.9,4320
BANKNIFTY_F1,20171005,11:52,24125,24130,24121,24130,5560
BANKNIFTY_F1,20171005,11:53,24130.6,24135,24128,24130,4360
BANKNIFTY_F1,20171005,11:54,24133.1,24133.1,24126.8,24126.8,2040
BANKNIFTY_F1,20171005,11:55,24125.5,24128.5,24125,24126.3,1440
BANKNIFTY_F1,20171005,11:56,24126,24128,24125.9,24127.8,1280
BANKNIFTY_F1,20171005,11:57,24128,24128.5,24122.2,24122.2,4000
BANKNIFTY_F1,20171005,11:58,24125,24131.2,24122.1,24129,2040
BANKNIFTY_F1,20171005,11:59,24129.1,24133.8,24129,24132.1,1640
BANKNIFTY_F1,20171005,12:00,24131.6,24133.6,24125,24125.3,2840
BANKNIFTY_F1,20171005,12:01,24125.5,24130,24125.3,24129,2120
BANKNIFTY_F1,20171005,12:02,24128,24130,24126.2,24128,560
BANKNIFTY_F1,20171005,12:03,24129.1,24129.7,24107.2,24113.9,15320
BANKNIFTY_F1,20171005,12:04,24116.8,24120,24111,24120,7040
BANKNIFTY_F1,20171005,12:05,24117.3,24122.8,24115.4,24121.1,3560
BANKNIFTY_F1,20171005,12:06,24120.9,24123.7,24116.9,24122.2,1640
BANKNIFTY_F1,20171005,12:07,24123.1,24124.9,24117.2,24117.2,2120
BANKNIFTY_F1,20171005,12:08,24116.6,24122,24116.4,24119,1600
BANKNIFTY_F1,20171005,12:09,24118.2,24124,24114.9,24115,2640
BANKNIFTY_F1,20171005,12:10,24115,24115,24100,24102.3,13760
BANKNIFTY_F1,20171005,12:11,24107,24110,24104.1,24108,6360
BANKNIFTY_F1,20171005,12:12,24108.1,24110,24101.8,24105.7,4240
BANKNIFTY_F1,20171005,12:13,24105.3,24113.1,24102.4,24111.4,3000
BANKNIFTY_F1,20171005,12:14,24111.4,24115.8,24111.4,24111.5,3000
BANKNIFTY_F1,20171005,12:15,24111.4,24114,24107.7,24112,3840
BANKNIFTY_F1,20171005,12:16,24112,24114.7,24108,24111.4,6280
BANKNIFTY_F1,20171005,12:17,24110,24119,24110,24119,5000
BANKNIFTY_F1,20171005,12:18,24116.9,24116.9,24110.5,24112.8,2280
BANKNIFTY_F1,20171005,12:19,24113,24113.2,24108.2,24110.1,5240
BANKNIFTY_F1,20171005,12:20,24110.6,24111.8,24110.3,24111,2760
BANKNIFTY_F1,20171005,12:21,24113,24114.9,24111,24111,5680
BANKNIFTY_F1,20171005,12:22,24110.7,24110.7,24100.2,24107.9,4080
BANKNIFTY_F1,20171005,12:23,24108.3,24110.8,24106.2,24108.1,3760
BANKNIFTY_F1,20171005,12:24,24109.9,24113.2,24109.4,24113.2,3760
BANKNIFTY_F1,20171005,12:25,24113.2,24114.9,24110.7,24111.9,2080
BANKNIFTY_F1,20171005,12:26,24110.3,24110.3,24103.3,24107.4,3040
BANKNIFTY_F1,20171005,12:27,24110,24115.4,24109.5,24113.5,4920
BANKNIFTY_F1,20171005,12:28,24113.7,24118.3,24113.7,24118.2,5000
BANKNIFTY_F1,20171005,12:29,24123,24129,24121.1,24129,4000
BANKNIFTY_F1,20171005,12:30,24129,24129,24120,24120,4400
BANKNIFTY_F1,20171005,12:31,24122.6,24122.6,24112.5,24117.3,3640
BANKNIFTY_F1,20171005,12:32,24116.7,24120,24113,24120,4360
BANKNIFTY_F1,20171005,12:33,24119,24122,24117.6,24122,3360
BANKNIFTY_F1,20171005,12:34,24121.8,24123.3,24115.9,24118.4,4520
BANKNIFTY_F1,20171005,12:35,24121,24124.4,24119,24124,1600
BANKNIFTY_F1,20171005,12:36,24123,24127.2,24123,24125.1,1680
BANKNIFTY_F1,20171005,12:37,24128,24129.9,24120,24122.1,3360
BANKNIFTY_F1,20171005,12:38,24124,24125.8,24120.8,24122.5,2160
BANKNIFTY_F1,20171005,12:39,24121.1,24122.3,24118.1,24118.3,1320
BANKNIFTY_F1,20171005,12:40,24117.9,24118.3,24115.6,24115.8,2520
BANKNIFTY_F1,20171005,12:41,24115.8,24116.8,24106.2,24106.2,3640
BANKNIFTY_F1,20171005,12:42,24106.1,24106.1,24097.3,24101.1,11040
BANKNIFTY_F1,20171005,12:43,24105,24110.8,24103.9,24108,5840
BANKNIFTY_F1,20171005,12:44,24106.9,24107.1,24100,24101.1,3640
BANKNIFTY_F1,20171005,12:45,24101,24103.8,24100,24100,2520
BANKNIFTY_F1,20171005,12:46,24097.9,24107,24097.9,24103.9,6520
BANKNIFTY_F1,20171005,12:47,24107.7,24108.9,24103.4,24108.9,3040
BANKNIFTY_F1,20171005,12:48,24110,24111,24107,24107.9,3600
BANKNIFTY_F1,20171005,12:49,24107,24112.7,24105.1,24110.6,3200
BANKNIFTY_F1,20171005,12:50,24111,24111,24107.4,24110.6,1480
BANKNIFTY_F1,20171005,12:51,24110.1,24113,24108.8,24111.1,3480
BANKNIFTY_F1,20171005,12:52,24111.1,24116.8,24110.5,24116,2960
BANKNIFTY_F1,20171005,12:53,24114,24121.2,24113.9,24118,5120
BANKNIFTY_F1,20171005,12:54,24118,24120,24115.8,24119,3960
BANKNIFTY_F1,20171005,12:55,24120,24122.2,24118.2,24120.1,1800
BANKNIFTY_F1,20171005,12:56,24121,24125.1,24120.9,24124,3600
BANKNIFTY_F1,20171005,12:57,24123.6,24127.7,24122.3,24123.3,5800
BANKNIFTY_F1,20171005,12:58,24124,24125.2,24119.8,24119.8,2040
BANKNIFTY_F1,20171005,12:59,24120,24121.9,24115,24117.3,2640
BANKNIFTY_F1,20171005,13:00,24115.8,24123.9,24115.8,24119.8,3760
BANKNIFTY_F1,20171005,13:01,24119.8,24120.1,24118.2,24120,3760
BANKNIFTY_F1,20171005,13:02,24118.7,24120,24111.1,24111.1,5040
BANKNIFTY_F1,20171005,13:03,24110,24114.7,24110,24114.7,5520
BANKNIFTY_F1,20171005,13:04,24114.7,24118.7,24113.3,24118.7,2640
BANKNIFTY_F1,20171005,13:05,24118.7,24118.7,24110.9,24111.4,2440
BANKNIFTY_F1,20171005,13:06,24111.3,24115,24109.3,24115,8480
BANKNIFTY_F1,20171005,13:07,24113.1,24115,24108,24109.1,2960
BANKNIFTY_F1,20171005,13:08,24109.7,24113.3,24109.7,24113.3,2960
BANKNIFTY_F1,20171005,13:09,24113.3,24115,24111.2,24111.2,4280
BANKNIFTY_F1,20171005,13:10,24111.2,24112,24110,24110,2120
BANKNIFTY_F1,20171005,13:11,24111.1,24126,24111.1,24124.8,10760
BANKNIFTY_F1,20171005,13:12,24125.5,24125.5,24117.1,24122.1,6800
BANKNIFTY_F1,20171005,13:13,24121.1,24126.5,24121.1,24126,6120
BANKNIFTY_F1,20171005,13:14,24125,24133.4,24125,24133.4,8960
BANKNIFTY_F1,20171005,13:15,24133.2,24133.3,24122.1,24123.1,5120
BANKNIFTY_F1,20171005,13:16,24122.3,24125.3,24116.7,24118.3,4800
BANKNIFTY_F1,20171005,13:17,24117.9,24120.6,24117.4,24120.6,1480
BANKNIFTY_F1,20171005,13:18,24123.3,24123.3,24121.2,24123,1600
BANKNIFTY_F1,20171005,13:19,24123.3,24127.2,24122.6,24122.8,3280
BANKNIFTY_F1,20171005,13:20,24125.2,24125.2,24117.9,24120,1720
BANKNIFTY_F1,20171005,13:21,24120,24123.4,24120,24121.6,1200
BANKNIFTY_F1,20171005,13:22,24122.7,24128.5,24122.7,24124.9,2120
BANKNIFTY_F1,20171005,13:23,24124.3,24124.3,24121.8,24121.8,760
BANKNIFTY_F1,20171005,13:24,24121.3,24121.3,24119.1,24119.8,1800
BANKNIFTY_F1,20171005,13:25,24119.3,24122,24117.2,24117.3,2600
BANKNIFTY_F1,20171005,13:26,24116.7,24118,24112.6,24114,3720
BANKNIFTY_F1,20171005,13:27,24112.8,24112.8,24109.8,24111.3,1800
BANKNIFTY_F1,20171005,13:28,24112.1,24118.8,24112.1,24116.5,1840
BANKNIFTY_F1,20171005,13:29,24115.8,24116,24112.6,24112.6,3600
BANKNIFTY_F1,20171005,13:30,24113.1,24114.8,24110.4,24113,640
BANKNIFTY_F1,20171005,13:31,24114,24115,24113.3,24113.8,920
BANKNIFTY_F1,20171005,13:32,24114.9,24114.9,24111.4,24111.6,1120
BANKNIFTY_F1,20171005,13:33,24111.4,24118.1,24111.2,24118.1,2160
BANKNIFTY_F1,20171005,13:34,24118.1,24118.1,24115,24116.9,3520
BANKNIFTY_F1,20171005,13:35,24118.1,24125,24118.1,24121.6,5840
BANKNIFTY_F1,20171005,13:36,24119.6,24122.6,24119.6,24121.1,1600
BANKNIFTY_F1,20171005,13:37,24123.6,24123.7,24116.9,24118,2080
BANKNIFTY_F1,20171005,13:38,24117.4,24123.6,24117.4,24123.6,1760
BANKNIFTY_F1,20171005,13:39,24125,24134.9,24124.6,24133.7,4720
BANKNIFTY_F1,20171005,13:40,24133.7,24134.5,24125.6,24130.1,3720
BANKNIFTY_F1,20171005,13:41,24131,24134,24129,24131,2680
BANKNIFTY_F1,20171005,13:42,24131,24145,24129.3,24140,16280
BANKNIFTY_F1,20171005,13:43,24140.4,24150,24140,24141,11080
BANKNIFTY_F1,20171005,13:44,24141,24142,24138,24139.4,2920
BANKNIFTY_F1,20171005,13:45,24137.8,24142.7,24137.3,24141.2,2680
BANKNIFTY_F1,20171005,13:46,24143.8,24154,24143.8,24149.8,7760
BANKNIFTY_F1,20171005,13:47,24148.7,24152.6,24146.3,24146.3,10200
BANKNIFTY_F1,20171005,13:48,24147.8,24147.9,24137.6,24139,2400
BANKNIFTY_F1,20171005,13:49,24138,24145,24138,24141.3,2840
BANKNIFTY_F1,20171005,13:50,24143,24145,24141.7,24142.9,2080
BANKNIFTY_F1,20171005,13:51,24141,24142.5,24137,24137.3,3560
BANKNIFTY_F1,20171005,13:52,24136.5,24142.1,24135,24141,2080
BANKNIFTY_F1,20171005,13:53,24141,24143.7,24140,24141.9,2080
BANKNIFTY_F1,20171005,13:54,24140.2,24142,24138,24138.7,1280
BANKNIFTY_F1,20171005,13:55,24140,24144,24138,24138,2520
BANKNIFTY_F1,20171005,13:56,24138,24140.1,24136.5,24139.1,1600
BANKNIFTY_F1,20171005,13:57,24142,24142,24137,24137.8,800
BANKNIFTY_F1,20171005,13:58,24139.4,24144,24139.1,24142.2,2040
BANKNIFTY_F1,20171005,13:59,24141,24147.7,24141,24145.8,4040
BANKNIFTY_F1,20171005,14:00,24145.8,24151,24145,24150,2640
BANKNIFTY_F1,20171005,14:01,24148,24156.9,24148,24155,6200
BANKNIFTY_F1,20171005,14:02,24152,24156,24151,24152.1,3840
BANKNIFTY_F1,20171005,14:03,24152.3,24153.6,24148,24148,2840
BANKNIFTY_F1,20171005,14:04,24149.4,24149.4,24142.9,24145.2,2360
BANKNIFTY_F1,20171005,14:05,24145,24148,24138.3,24138.3,3440
BANKNIFTY_F1,20171005,14:06,24139.1,24142.7,24139.1,24142,2040
BANKNIFTY_F1,20171005,14:07,24141,24146.3,24140.6,24144.2,1960
BANKNIFTY_F1,20171005,14:08,24146,24146.9,24138.2,24138.2,3240
BANKNIFTY_F1,20171005,14:09,24138.2,24139.9,24123.1,24123.1,8320
BANKNIFTY_F1,20171005,14:10,24121.9,24126.9,24121.9,24123.1,6600
BANKNIFTY_F1,20171005,14:11,24126,24130.8,24124.1,24128.3,4360
BANKNIFTY_F1,20171005,14:12,24126,24131.8,24126,24130.4,3120
BANKNIFTY_F1,20171005,14:13,24131.8,24135.8,24130.4,24131.3,1480
BANKNIFTY_F1,20171005,14:14,24132.6,24135,24132.6,24135,1720
BANKNIFTY_F1,20171005,14:15,24134.2,24134.2,24127,24127,2240
BANKNIFTY_F1,20171005,14:16,24126,24132.4,24126,24132.4,1960
BANKNIFTY_F1,20171005,14:17,24133.1,24135.8,24133.1,24133.4,1080
BANKNIFTY_F1,20171005,14:18,24135,24139.9,24135,24138.8,1240
BANKNIFTY_F1,20171005,14:19,24136.5,24138.9,24132.7,24133,800
BANKNIFTY_F1,20171005,14:20,24134.9,24136,24134.1,24134.8,640
BANKNIFTY_F1,20171005,14:21,24135.1,24140.7,24135,24140.7,2400
BANKNIFTY_F1,20171005,14:22,24140.3,24142.1,24139.9,24141,4360
BANKNIFTY_F1,20171005,14:23,24141,24144.8,24140.4,24144.8,2600
BANKNIFTY_F1,20171005,14:24,24141.5,24144.7,24133,24133,3240
BANKNIFTY_F1,20171005,14:25,24133.4,24134.8,24122,24125.4,5720
BANKNIFTY_F1,20171005,14:26,24126.9,24129,24122,24122,1680
BANKNIFTY_F1,20171005,14:27,24122,24124.8,24122,24123.1,2800
BANKNIFTY_F1,20171005,14:28,24125,24134,24123.4,24132.9,7000
BANKNIFTY_F1,20171005,14:29,24130,24131.1,24125,24127.2,8080
BANKNIFTY_F1,20171005,14:30,24130,24135.1,24128,24132,3680
BANKNIFTY_F1,20171005,14:31,24129,24133,24125,24126.5,1240
BANKNIFTY_F1,20171005,14:32,24125,24131,24125,24130,720
BANKNIFTY_F1,20171005,14:33,24131,24134.7,24130.7,24130.7,640
BANKNIFTY_F1,20171005,14:34,24133,24134.9,24131.6,24132,2000
BANKNIFTY_F1,20171005,14:35,24130.8,24134,24126.2,24126.7,2640
BANKNIFTY_F1,20171005,14:36,24127.9,24130.1,24125,24125,4240
BANKNIFTY_F1,20171005,14:37,24125,24126.9,24123.1,24124.9,3600
BANKNIFTY_F1,20171005,14:38,24123,24128.3,24122.9,24126.6,2640
BANKNIFTY_F1,20171005,14:39,24128.7,24131,24128.3,24131,1040
BANKNIFTY_F1,20171005,14:40,24131,24133.3,24131,24131.4,960
BANKNIFTY_F1,20171005,14:41,24133.8,24138.7,24133.8,24137.1,2080
BANKNIFTY_F1,20171005,14:42,24135.7,24141.8,24135.7,24136.6,3560
BANKNIFTY_F1,20171005,14:43,24140,24142.4,24137.8,24137.8,1960
BANKNIFTY_F1,20171005,14:44,24137.6,24137.6,24131.5,24134.7,4120
BANKNIFTY_F1,20171005,14:45,24134.3,24138.1,24131,24132,1800
BANKNIFTY_F1,20171005,14:46,24134,24134,24126,24130.1,2200
BANKNIFTY_F1,20171005,14:47,24127.6,24133.4,24127.6,24132,4840
BANKNIFTY_F1,20171005,14:48,24131.8,24131.8,24127.3,24131.4,2040
BANKNIFTY_F1,20171005,14:49,24130.1,24138.6,24130.1,24138.6,1760
BANKNIFTY_F1,20171005,14:50,24136,24138.7,24136,24137,2720
BANKNIFTY_F1,20171005,14:51,24138,24139.3,24136,24136,3240
BANKNIFTY_F1,20171005,14:52,24138,24139.8,24135,24138,1360
BANKNIFTY_F1,20171005,14:53,24137,24139.7,24135.6,24136,1160
BANKNIFTY_F1,20171005,14:54,24136.9,24139,24136.1,24136.1,800
BANKNIFTY_F1,20171005,14:55,24136,24136.9,24131.1,24134,3000
BANKNIFTY_F1,20171005,14:56,24130.3,24130.3,24123.7,24123.7,5040
BANKNIFTY_F1,20171005,14:57,24123,24123,24102.1,24111.1,19800
BANKNIFTY_F1,20171005,14:58,24115,24119,24111.1,24114.1,4120
BANKNIFTY_F1,20171005,14:59,24114,24122.9,24114,24122.9,4200
BANKNIFTY_F1,20171005,15:00,24122.9,24124,24119,24119,2080
BANKNIFTY_F1,20171005,15:01,24117.9,24121.4,24114.8,24117,5400
BANKNIFTY_F1,20171005,15:02,24117.9,24120,24115,24119.9,2960
BANKNIFTY_F1,20171005,15:03,24117,24129.3,24117,24127.1,9600
BANKNIFTY_F1,20171005,15:04,24127.1,24130.8,24125,24129.9,6840
BANKNIFTY_F1,20171005,15:05,24129.4,24129.4,24125,24127.3,5400
BANKNIFTY_F1,20171005,15:06,24127.2,24128.2,24125,24128.2,5160
BANKNIFTY_F1,20171005,15:07,24128.1,24129.9,24124.6,24125,6200
BANKNIFTY_F1,20171005,15:08,24125.6,24126.5,24124.5,24125.1,7080
BANKNIFTY_F1,20171005,15:09,24124.5,24128.8,24124.2,24128.1,3040
BANKNIFTY_F1,20171005,15:10,24127.6,24129.6,24120.2,24120.2,7720
BANKNIFTY_F1,20171005,15:11,24120,24120,24107,24107.9,19560
BANKNIFTY_F1,20171005,15:12,24108,24108.4,24097.3,24105.6,23960
BANKNIFTY_F1,20171005,15:13,24110.9,24114.8,24106.2,24111,8240
BANKNIFTY_F1,20171005,15:14,24110.8,24111.1,24090.5,24091.1,24680
BANKNIFTY_F1,20171005,15:15,24090.6,24092,24084.1,24084.1,13440
BANKNIFTY_F1,20171005,15:16,24088,24095,24087,24094.6,11240
BANKNIFTY_F1,20171005,15:17,24094.4,24099.8,24094.4,24094.5,11080
BANKNIFTY_F1,20171005,15:18,24094.5,24105.7,24091,24102.9,10760
BANKNIFTY_F1,20171005,15:19,24104,24108.3,24101,24108.3,9600
BANKNIFTY_F1,20171005,15:20,24106.5,24114.4,24105,24113.9,12320
BANKNIFTY_F1,20171005,15:21,24113.4,24114.9,24100.8,24108.8,17800
BANKNIFTY_F1,20171005,15:22,24109.9,24110.2,24105,24105,8920
BANKNIFTY_F1,20171005,15:23,24105,24107.1,24100.1,24100.3,12840
BANKNIFTY_F1,20171005,15:24,24101.1,24105.3,24100,24104,7600
BANKNIFTY_F1,20171005,15:25,24101,24105,24101,24103.8,6240
BANKNIFTY_F1,20171005,15:26,24103.8,24105.2,24103,24103.6,15120
BANKNIFTY_F1,20171005,15:27,24103,24105.4,24101.1,24105.4,15040
BANKNIFTY_F1,20171005,15:28,24104,24108.3,24103.1,24108,18080
BANKNIFTY_F1,20171005,15:29,24108.1,24110.8,24105.8,24108,15600
BANKNIFTY_F1,20171005,15:30,24108.1,24115,24107.5,24113,15320
BANKNIFTY_F1,20171005,15:31,24113.9,24113.9,24113.9,24113.9,200
BANKNIFTY_F1,20171005,16:31,24107.3,24107.3,24107.3,24107.3,1
